,SM1_Dzi,FNSA2,SM1_Dzare,nHetero,SM1_Dzv,SM1_Dzp,SM1_Dzse,SM1_Dzpe,EState_VSA1,AATS1pe,TopoPSA_NO_,SlogP_VSA2,BCUTi_1h,ATS0dv,TopoPSA,AATS1are,SM1_DzZ,ATSC0se,WNSA4,PNSA2,RNCG,Mare,ETA_epsilon_1,PNSA1,PNSA4,ATS3dv,SM1_Dzm,MID_h,AETA_beta_s,DPSA4,Mse,ATSC1pe,ATSC1are,ATS2dv,AATSC1pe,AATS1i,WNSA2,Mpe,AMID_h,DPSA3,SlogP_VSA10,ATSC1se,MID_N,PNSA3,ATSC0are,AATS1dv,ATSC1c,ATSC0c,ETA_epsilon_4,AATS0pe,AATS0se,ATS4dv,IC0,SLogP,EState_VSA9,Xc_3d,AATS0i,AETA_alpha,AMW,ETA_eta_F,nHBDon,GGI4,Mor05m,AATSC0v,GRAV,AATS1se,ATS0m,AATS0dv,Xpc_4d,WNSA3,AATSC0i,BCUTc_1l,VSA_EState3,ATS2m,Mm,SRW10,AMID_N,Mor31v,Mi,BCUTc_1h,Mor28,ATSC0pe,MIC4,AATSC1se,AATSC1c,nN,MWC06,ATS3Z,MZ,AATS0m,Xpc_5d,ETA_dPsi_A,ETA_dEpsilon_A,MIC3,BCUTm_1h,ZMIC5,WNSA1,AATSC0dv,Mor28se,AMID_O
SM1_Dzi,1.0,-0.8319819770440829,0.9642695208084825,0.8869953570279471,-0.940724372076118,-0.9326031236261898,0.9470608529464073,0.965134962212642,0.6917030710192412,0.600607756321227,0.5695668759727807,0.5078995699205427,0.7157622128749856,0.833788800066761,0.4554080104584043,0.6138910558871238,0.6753437758251696,0.745914232059658,-0.829880518384002,-0.7468641486659026,-0.45423966932682297,0.6779624570208173,0.6344366311716197,0.6548116607577251,-0.8126300136547162,0.6984632685467341,0.6204094812791708,0.870084837063878,0.5591907377675467,0.7816850296817238,0.6258346760250514,-0.24729346633059526,-0.27131416109990225,0.7617743327475508,-0.18435884457669954,0.47010987746293487,-0.6220607332868521,0.6537806246804018,0.5120038675524865,0.6166676819149661,0.7570632388273567,-0.2716205635858802,0.4968809933249641,-0.6967257687356964,0.7754990469250528,0.6705569404358257,-0.5179899621074334,0.6591611366537461,0.6025101414749289,0.6541155195029701,0.6277131850104143,0.6629933520257766,0.502668453828686,-0.15548105869240028,0.2831004955289597,0.6367171619780037,0.5611602631755238,-0.3358057724143735,0.17743205318122063,0.5735900152656718,0.2727723363780258,0.38515374147375403,-0.4596618485145654,-0.43457400964925746,0.600900043695044,0.5413872243923854,0.25333995829870715,0.7059829615899992,0.5881266372566918,-0.6445881856980558,0.5180300719444015,-0.1241749245151774,0.2630378460716551,0.47893375851385384,0.17673517647394857,0.35245710841287553,0.3081966582597366,-0.21998870030077494,0.5509856840051939,0.6503365977278056,0.26590749551902493,0.7321376685489692,0.5011325018423343,-0.19131456404611336,-0.35489670954865066,0.49009886268680136,0.3492845512547442,0.49125746144545945,0.18771182138823486,-0.02056324795030797,0.49591811625348453,0.024663522028799803,0.6199374178822654,0.5052939519330557,0.06861850304818111,0.5738101731296399,0.554721415640091,0.5600479113976229,0.2775293145427127,0.2081095073252733
FNSA2,-0.8319819770440829,1.0,-0.8765963064858153,-0.8443461699623768,0.8462627556644019,0.8169830014719691,-0.8818794481360258,-0.8776365451959764,-0.7923437569606734,-0.4084336907399775,-0.6912169749847846,-0.5515317855509961,-0.4483694928287745,-0.8635062057308945,-0.6304564436573943,-0.4207514102205297,-0.6537782302244227,-0.7877120297148105,0.9726659691403472,0.9257870640171322,0.5421778949787751,-0.48588408262534094,-0.46785984308562933,-0.8247893620380978,0.8957232391978879,-0.7779308638532453,-0.5914892879063292,-0.8306628004935829,-0.5532995752551543,-0.9127947934162387,-0.4391435906155103,0.39330098765299704,0.40149907528314205,-0.810905382089625,0.1789620336804624,-0.19569233087910928,0.7783053119375765,-0.46707252305377756,-0.3666268736249252,-0.8526742566880217,-0.5417711384234347,0.39356632574336264,-0.35442875466989726,0.8978044176530035,-0.7706941197561654,-0.5598893775998572,0.689237231538247,-0.8204274661459604,-0.39387047111935564,-0.45832724715615525,-0.4368416188765506,-0.7424816969063577,-0.5779800136166919,0.12796590188118478,-0.413454936914285,-0.6029487031649774,-0.23601988141095276,0.2657178737322978,-0.11367862948409173,-0.7230355833349297,-0.4853985307954349,-0.5161164325659435,0.5451154441840176,0.22488760547904177,-0.6919666293035086,-0.3602483095637922,-0.2849122517834124,-0.5525156615470078,-0.6231016968235513,0.8491550491378289,-0.3393629569512116,0.17127670614927848,-0.4776744369439766,-0.533811778775043,-0.11277157072210803,-0.4642241651355543,-0.1251555923440539,0.3147811006441104,-0.21900717832608776,-0.6650808322624188,-0.3805704864941842,-0.748746562484816,-0.6275366503727984,0.1834741558732681,0.43450252786990745,-0.3463207134852832,-0.4693779626339683,-0.5983778944385024,-0.12314112153514452,0.04654927072295499,-0.5590044319993488,-0.022155361428815426,-0.4479252234910923,-0.6262262233354909,-0.0791415638101781,-0.6002788251519896,-0.7407809494166888,-0.5375670394075616,-0.39434225167266895,-0.3147131318082501
SM1_Dzare,0.9642695208084825,-0.8765963064858153,1.0,0.9018445043128571,-0.9724655924584787,-0.9654630287133467,0.9862101977856473,0.9943468423036816,0.7700578438147615,0.5736290414845744,0.6553700242876388,0.6000231405657172,0.6376658859731489,0.863747943023336,0.54457935378436,0.5932047383451061,0.6817616677225591,0.8544151506599507,-0.8582404010084992,-0.7965084389004389,-0.4655340654761204,0.6442629186426261,0.5973547123809052,0.6481977419310795,-0.8223934505294692,0.7010203028275871,0.6268782281647483,0.8835826278378673,0.5624528807515368,0.8569831503325863,0.5940334721927072,-0.26177736103170784,-0.2882620383977021,0.7632049377258585,-0.17055576139836146,0.4064822590276959,-0.6657905888103378,0.6135850213989994,0.4949788561403501,0.722972696249491,0.6468234843338819,-0.2921420757833943,0.36823719430328744,-0.7962914420185849,0.8653623413836611,0.6357711555516914,-0.6161304472218612,0.7758410534375487,0.5664386202721208,0.6128168518544961,0.595524424024064,0.6797005358380063,0.5251560312909199,-0.2043637314493764,0.31430460744899413,0.6188333746951764,0.48540783309059155,-0.3661079312528301,0.1363993748245514,0.584140330975146,0.3219232081980135,0.4054953504161992,-0.4656468241931617,-0.406293474199298,0.6082314141364437,0.5268184512437772,0.2343937648479286,0.6799308859961231,0.5688990385085074,-0.7431408282965392,0.4322121102599237,-0.21259205932648342,0.3561835396036796,0.4682055573294766,0.13558622622726568,0.3744148337817887,0.17674218596894212,-0.18561825976416504,0.47943055060503637,0.7028523354939579,0.267867880449256,0.825633987518692,0.5069199434430377,-0.17747285905398033,-0.40376525325536633,0.3588853305638588,0.37407704289448457,0.49859322136059536,0.14652260044882867,-0.045903809990406934,0.48387787197408727,0.02418242082888921,0.5830693736819454,0.5083170653411005,0.031139222486286307,0.5696026219702712,0.5683998016297137,0.6084276082178528,0.2883532541834666,0.38477527416056423
nHetero,0.8869953570279471,-0.8443461699623768,0.9018445043128571,1.0,-0.8504450588499409,-0.7820475795670965,0.9386255191473212,0.9193301755097932,0.7404866528438833,0.5260802076120815,0.717563315206435,0.6123733861475644,0.5204595154002039,0.7826608200128727,0.7245408801649269,0.5097977820040149,0.8370032732549172,0.760445097712992,-0.8665664344961739,-0.8045102747335242,-0.4861569561793554,0.5641457806605404,0.5814283381323988,0.7185396162890524,-0.7969242077772029,0.6424208961260138,0.750858231477225,0.9957838808681426,0.5605088029061102,0.832885814950663,0.5619172586891512,-0.26293793660768106,-0.2935296212817688,0.7177929074301668,-0.1883896343422882,0.29317766446975363,-0.7017131503294892,0.5685313937576536,0.6367148626092184,0.6980789441944821,0.5619217521732589,-0.2744110626178567,0.5582623394147812,-0.7564807919301788,0.7489632187106431,0.5179581088435238,-0.6126807785716291,0.7115450856854183,0.5466910767979201,0.5528771651797088,0.5531475179199771,0.6468531127195893,0.6432580364135813,-0.2281638011143474,0.4318628546097921,0.6001317584012764,0.2984339829749693,-0.13666163400241327,0.27751254806005204,0.6044054718869787,0.3663776822149632,0.43653716744591853,-0.3735302221976585,-0.33421880261569503,0.672884414771679,0.5062983978926999,0.4094063384842356,0.5674360150603351,0.5213889013871916,-0.7349638498937532,0.3405432543387071,-0.14703408307241414,0.34138401767395726,0.5803267611477148,0.2771967929823413,0.3353173293706218,0.3218743594250223,-0.30039521143821807,0.2863661732642018,0.6288666796239023,0.33963785015349424,0.7235054782498131,0.6299216275318615,-0.19824977204168076,-0.4059989984357937,0.549136423595143,0.33802975053909373,0.5229133445858635,0.29562354893367215,0.06125162506144275,0.4685263544637403,0.04481234062801783,0.5672902631023031,0.6306472546749494,0.2507620760804118,0.6454451956556627,0.6429694477416171,0.549285860351267,0.3595646232286995,0.32111029082219766
SM1_Dzv,-0.940724372076118,0.8462627556644019,-0.9724655924584787,-0.8504450588499409,1.0,0.9579376889480941,-0.9310369222250094,-0.9471895326200337,-0.7487358924498275,-0.5193522739992552,-0.7043200333213021,-0.604584525827491,-0.631095022926425,-0.862035376434752,-0.5692798013734185,-0.561390725998141,-0.5210058380308222,-0.8353533830120091,0.8047848939015839,0.7752864592419005,0.45249593249679265,-0.5821163871764349,-0.5090312751191592,-0.5670851127818665,0.7608259034316343,-0.7009069744201537,-0.44815050100834847,-0.8388104334135437,-0.5666999492590529,-0.846108812492458,-0.5075764637407189,0.23980350682967425,0.27307179757109357,-0.7608977202041277,0.14413673065738553,-0.42955706424067136,0.6526235861918789,-0.5326243727420225,-0.4200148296598882,-0.7357878413021268,-0.6209608363104432,0.26489550130335754,-0.4291980615110696,0.7784104816470251,-0.8585629327172073,-0.6185705825039708,0.6343249167546363,-0.7870794878349651,-0.4798563069556825,-0.5342063982150289,-0.5104247421869825,-0.6797363784715358,-0.5093111823984284,0.24511337507581768,-0.25098477823654486,-0.5782985157889304,-0.47541275073311046,0.44685737352297866,-0.02658558994557731,-0.597425494392146,-0.35910487766045207,-0.41894615346770264,0.49755017614935104,0.35771321706105386,-0.5754502682187799,-0.4664289814236176,-0.12712687849385534,-0.6458487732632006,-0.5573256680934443,0.7323061320646025,-0.3733791545158798,0.2516816585273727,-0.3749279400580915,-0.39537844685657675,-0.02529101863728139,-0.3843025257022099,-0.24119618779394075,0.16550524012372275,-0.47694637581067734,-0.6876441209959034,-0.2424209051898616,-0.8209916971952828,-0.42317256925927943,0.1445784883142905,0.40527060289050804,-0.421608298637186,-0.3874488038755685,-0.4746018045355923,-0.031914566409597014,0.10999805262022663,-0.4798281994114163,-0.03257822580051055,-0.4942267460747308,-0.4236136193235024,0.08644226427939729,-0.4809467419475451,-0.5221596698197568,-0.5931257491215706,-0.2683015175754284,-0.399591977336741
SM1_Dzp,-0.9326031236261898,0.8169830014719691,-0.9654630287133467,-0.7820475795670965,0.9579376889480941,1.0,-0.9280582944783083,-0.9501420859673712,-0.7220866119490498,-0.5671905906424125,-0.5193908772013652,-0.5217076350139729,-0.6524639212974586,-0.823436284272349,-0.38907261618228056,-0.6008081020525619,-0.5652701073224032,-0.8040436836737681,0.7825340796523741,0.7057792814758274,0.4187861141299096,-0.6736498677389737,-0.5915431181412965,-0.5666251543262455,0.7926182829965932,-0.669256139541217,-0.5226888454130614,-0.7552643809043071,-0.49186547140270676,-0.7841497964673547,-0.5988825231020127,0.2780359561771072,0.3035244322633755,-0.7209647263044312,0.2098806099371603,-0.4383962172175037,0.5640662554943915,-0.6262147818388782,-0.4190179558828579,-0.6467505933758876,-0.6933526239180587,0.3084743179975524,-0.22863287170446317,0.731781656232835,-0.834463793397204,-0.6522733081787087,0.5364193685241296,-0.712031671623999,-0.5696941785803269,-0.6376664946218376,-0.6085561716226241,-0.6336229965303242,-0.39793041616274055,0.17395904785498395,-0.17900465053917214,-0.5907738213472318,-0.5979688052271787,0.41905317455518853,-0.08487918785449694,-0.4937792054471648,-0.25064844884205034,-0.31986169929784813,0.44201852546532644,0.37894801844633885,-0.5075039353046111,-0.5078135640734589,-0.13666913767440816,-0.7227640436571383,-0.5441028210466448,0.6517935219067722,-0.5359935515755028,0.17559403478624036,-0.29600882795819744,-0.36669567742936854,-0.08361096295330134,-0.33473126676102005,-0.08201000863074061,0.12237286884308723,-0.5880433575728001,-0.6779644245882922,-0.21337280047054216,-0.7819441249089255,-0.3847276871612589,0.2151318213057426,0.3973003212260407,-0.22005030469851947,-0.33000747903865824,-0.4193369071504599,-0.09008757440920671,0.07246251320403622,-0.4416318019716579,-0.04858351319589525,-0.5795726806269939,-0.387012053339112,0.052516665410026225,-0.497559410888626,-0.4638088155879249,-0.5673701480315866,-0.22776974064694588,-0.3446521076920126
SM1_Dzse,0.9470608529464073,-0.8818794481360258,0.9862101977856473,0.9386255191473212,-0.9310369222250094,-0.9280582944783083,1.0,0.9963308874044761,0.7773057006040003,0.5879687311030407,0.635220878070923,0.5991492271074054,0.6042052611313976,0.8374748702186625,0.5637822012867048,0.5879272351786039,0.7793022884572753,0.847048582888087,-0.8835995937241883,-0.80220833149409,-0.47151994234136835,0.6567182432448123,0.6392423579372468,0.7007482365766723,-0.8488193409150684,0.677533574192288,0.7125365384115668,0.9186446703092699,0.5526856630727653,0.8571856245996992,0.6311815000863787,-0.2833862613836531,-0.3066936811179756,0.7421412456932268,-0.19502030133374723,0.3627459957464307,-0.671528976279071,0.6434117624554364,0.5597476666746467,0.7128065203891716,0.6242150015897961,-0.3125384065779273,0.3429449621386627,-0.7995404097258925,0.8442170447622142,0.6099453757724794,-0.6063625657296052,0.7572813483891069,0.6076964577821102,0.6386917646582295,0.6301368638216944,0.660771051233148,0.5556922636174912,-0.18881919338436123,0.37727600668197986,0.6283042598874872,0.44736344912846676,-0.2825073596837466,0.21558762752720448,0.5692754581870849,0.31107579823235654,0.3938084160666945,-0.4256498037755933,-0.41213079769858585,0.6261542104751042,0.5525392758770441,0.3135898453299716,0.6693120776412285,0.5556072772014863,-0.7452683331972151,0.4401353624375161,-0.18259868336100454,0.34255251090011807,0.5146595719684672,0.21509557558456485,0.35778859345232034,0.14762482440574218,-0.2130283722733542,0.43643084263885,0.6955246514215337,0.2939371581862072,0.8064864597173197,0.5709497338723076,-0.20562634487003373,-0.4105927647528352,0.3328659405931523,0.35560921377978083,0.5067202044208539,0.23028605395546115,0.0027075682624037242,0.47133227390457866,0.02530724140620044,0.6256263637305164,0.5726630944958897,0.13000560685944562,0.6263623325928982,0.6009446175430676,0.6052560956294741,0.31124323604963244,0.3790180708187819
SM1_Dzpe,0.965134962212642,-0.8776365451959764,0.9943468423036816,0.9193301755097932,-0.9471895326200337,-0.9501420859673712,0.9963308874044761,1.0,0.7672637431781331,0.5941175369509426,0.6212545367955375,0.5840471567688864,0.6349110975044139,0.8476852380873255,0.526086259060684,0.5996608043850955,0.7441093463265357,0.8424488801731324,-0.8736987230063512,-0.7933585285382199,-0.46657295085081857,0.6675419412381728,0.6373124521278809,0.6826911955085466,-0.8448819192957312,0.6891032194144612,0.6848700122930946,0.8983268339548199,0.5521761702632028,0.8488037268520001,0.6319339446022965,-0.2761378676325111,-0.2991700613011994,0.7521058693708563,-0.191974316389858,0.3914332257254058,-0.6609412248862004,0.6489706220318203,0.5362755683302322,0.701821292249752,0.6556398628829355,-0.3073085382623089,0.3506578808532439,-0.7880701060483004,0.847612320488532,0.6332570975972752,-0.5949544123949185,0.7511875961957802,0.6061156343525733,0.6466849531352981,0.6325494594734101,0.6668216918127171,0.5301672180529132,-0.18329348985045232,0.34755535017231853,0.631293835550444,0.4846257408754019,-0.3088235347388577,0.20147781884481003,0.5695674082740007,0.30110395775192644,0.39130483902834023,-0.4448504540085622,-0.41984021030642066,0.6160044133966337,0.5507225095212289,0.29307873943326956,0.687570271457507,0.5666421370897354,-0.7312398386215785,0.46191041878093386,-0.18097507590199147,0.3336840256133678,0.49621405898329174,0.20084389331699512,0.3586361455063324,0.16039011270856576,-0.2019102401375676,0.4742260948597577,0.6965425866760512,0.28210162929919325,0.8073790971349762,0.5442366166196176,-0.20226784748346854,-0.403581509430302,0.34106189686706867,0.3564109641455248,0.5012069803869654,0.21378279311470905,-0.0006430783503872475,0.47820765182071046,0.026611144228041395,0.623627334546401,0.5464356416116705,0.10030760954615747,0.6061390452372845,0.584068047075523,0.6044050225645752,0.2988998399094154,0.3595704430108599
EState_VSA1,0.6917030710192412,-0.7923437569606734,0.7700578438147615,0.7404866528438833,-0.7487358924498275,-0.7220866119490498,0.7773057006040003,0.7672637431781331,1.0,0.3861959585881811,0.666281465269934,0.577861845566141,0.34710105030614563,0.6364580220839124,0.6200644760184535,0.3894659975944284,0.5660488597363486,0.7001382083320783,-0.7522068037843551,-0.7179427302394868,-0.43196936765829674,0.43995152494641304,0.4245314397739428,0.5738401801354875,-0.7101521997814615,0.5308353142808901,0.5012634824233877,0.7143750230723633,0.3605928670943806,0.7242260925649114,0.42360212931335484,-0.3610779896280386,-0.35764054069916845,0.5513072648248875,-0.19325126250694843,0.22176461078250595,-0.5888543720029777,0.42639757938626016,0.4213688871857334,0.7146413036310901,0.36908034768017894,-0.34143670133409765,0.23127880067728326,-0.7892668548607642,0.6916214876675121,0.38448829924649824,-0.5676886933367258,0.6771126251658645,0.4060415726084024,0.42111009776311725,0.4218964247862582,0.5494674901534933,0.44476619650672394,-0.30083962562956923,0.2689804435899917,0.5092850124712378,0.2581688077844476,-0.19581284844890992,0.13991675092989042,0.4392346830872515,0.49031777193815945,0.3445205659329288,-0.3105946257620952,-0.24994119414374474,0.45426298626840556,0.3723868197995175,0.21559738814993998,0.4504790606093164,0.4562063908889359,-0.7233817822048941,0.26344734311091644,-0.0005690035522851689,0.5612915749830476,0.35807740472604455,0.13930948451107847,0.26885388122712894,0.08849668624502446,-0.17469765839111825,0.2539129969493909,0.4922693852245135,0.3002696339071484,0.6602629149592933,0.38711276970645175,-0.18955783213666527,-0.3877573366519959,0.22473228699140063,0.263860290782493,0.37931977396250927,0.14979579101713764,0.005124467555529696,0.3937041350995509,0.04624074170519936,0.41627774098302706,0.38378901930946213,0.0693391768138783,0.49194104101134284,0.4874950100555906,0.471818722222315,0.32202966942322525,0.3818231851597218
AATS1pe,0.600607756321227,-0.4084336907399775,0.5736290414845744,0.5260802076120815,-0.5193522739992552,-0.5671905906424125,0.5879687311030407,0.5941175369509426,0.3861959585881811,1.0,0.2271758192297808,0.1009018267344419,0.5910591745300444,0.33550575202077226,0.18185478496164661,0.9821317765244388,0.506893345308778,0.21574563737598274,-0.4279465597253856,-0.22589031758753272,-0.18040232794466304,0.9428002797096694,0.933398557811523,0.3409867358651125,-0.6257042382599232,0.17817922803968783,0.46504729957218716,0.48319648609036614,0.194138467721222,0.3997936386614838,0.9434962885736513,-0.3399821970452244,-0.3471390062904157,0.27044740009063944,-0.4647667960570144,0.7586679507323257,-0.10611174592197808,0.942151489686622,0.7892681590578179,0.2314429603521058,0.4662749812238021,-0.3388894761479235,0.15353801824881314,-0.34730062650603194,0.2233110172362434,0.7870260258692843,-0.18502916201494127,0.22076982900087677,0.9259369797649913,0.9333641308620712,0.9382239568333074,0.14359450931480902,0.1446185243918609,-0.2953193663291719,0.1789034356559462,0.2684444898087194,0.7007234894188943,-0.23043949138572092,0.44431118359917454,0.09877874000749254,0.09865281370482092,-0.04554422483153206,-0.016958038008528013,-0.6969635909111405,0.09147271529253016,0.9871150639932877,0.13664015273076807,0.8839065052310563,0.12966443628884705,-0.15314975665356906,0.44776505551611706,0.16996437945050702,0.10776619364623814,0.08463993829695812,0.444008230724459,-0.14246362283330036,0.2670112664536804,-0.37468615121005905,0.6931941602563508,0.3678659655297903,0.3858555340774778,0.1541511888633281,0.1865317508514399,-0.45454888002009136,-0.469854312337005,0.16067090330981176,-0.16310093749840662,-0.038168678535945036,0.46665674718871664,0.1429526954453056,0.062127993258987164,-0.0007829866547303857,0.9346547812769032,0.1961378451284093,0.1823355460071457,0.20237475990399445,0.08415679928385832,0.4211403850501976,0.358816984731449,0.33344856949609086
TopoPSA_NO_,0.5695668759727807,-0.6912169749847846,0.6553700242876388,0.717563315206435,-0.7043200333213021,-0.5193908772013652,0.635220878070923,0.6212545367955375,0.666281465269934,0.2271758192297808,1.0,0.6097559802151273,0.27422226752994894,0.6057816312223203,0.9028995706610662,0.2627832130225878,0.34251634323763647,0.6742417839065733,-0.6305261929209757,-0.7066369795763461,-0.3569396329311371,0.16978472766802621,0.15262260669104571,0.4009638757776576,-0.49359479775871345,0.47449188678473614,0.27659578855122485,0.7262129607412021,0.44347413128644136,0.770110884626947,0.1415559716166914,-0.2584979608639012,-0.2764926012949676,0.519863742640461,-0.04009080804586324,0.1925495794563218,-0.6377175174523878,0.1412167342534259,0.33085081340413863,0.8290584409067091,0.13536428891720198,-0.22825432181533295,0.5700351427475229,-0.7718100604806839,0.6465712462208324,0.27213388694563717,-0.7580793213513226,0.7897785480357867,0.11782718938195762,0.11639267702501027,0.12638319426228103,0.5077333996924881,0.5751320529381073,-0.4201704718795318,0.44071513685265784,0.3331880330042137,-0.04680980254918996,-0.2878081594125713,-0.049137338133882984,0.5731803995188749,0.6664954217716408,0.462902780678154,-0.3820465716111897,-0.1796469793004049,0.47935501797567354,0.22694725990043457,0.11130787506862973,0.22592038394081043,0.3412033709316538,-0.7725664103680161,-0.18955343220855642,-0.2733196571297789,0.61440306378862,0.30216330786485224,-0.04998286286319036,0.3022538740386063,0.39021388298596243,-0.21509526453211822,-0.019814838903377034,0.4826900091251394,0.34516635904186166,0.6532388095250934,0.37259313764583335,-0.027576287602698868,-0.41058729232382135,0.576789809595379,0.3191871422936388,0.38510261091506215,-0.044482412385786034,-0.09100323398015057,0.34389929020082577,0.018141863917716435,0.14086653213390432,0.36859306172902495,-0.08398952360632855,0.262734963708745,0.4690218757012602,0.4654975605399423,0.3889920710528415,0.5622453951417749
SlogP_VSA2,0.5078995699205427,-0.5515317855509961,0.6000231405657172,0.6123733861475644,-0.604584525827491,-0.5217076350139729,0.5991492271074054,0.5840471567688864,0.577861845566141,0.1009018267344419,0.6097559802151273,1.0,0.21427693071173198,0.5008403150710335,0.5787621939634139,0.12967163759619643,0.39747141914058465,0.7145304181513102,-0.5011588887439673,-0.5938207350906017,-0.33802354330933515,0.0975199879722443,0.06845600310825646,0.26861809686541377,-0.3615164908156695,0.4280748349195143,0.3516760563346105,0.6268303938380232,0.4484757776229578,0.6357745510891328,0.07709111970016014,-0.27037288730040326,-0.3050330615435806,0.4125789326330987,-0.009047010821677427,0.08758771264499314,-0.5679152122045165,0.07096414040122037,0.22894064275464696,0.6342941321454906,0.09044997880337961,-0.353009035330848,0.3032075550554717,-0.5893603581553183,0.696908509923115,0.10837531346836655,-0.6215295111942217,0.7146051839665113,0.08342661517379346,0.0686965692832017,0.07594818276673383,0.42082786421180657,0.43851142580153546,-0.38708944058324024,0.4030883435676572,0.29098303028670547,0.05738226236205255,-0.2112536469163374,-0.08888386435484354,0.38499657823728,0.4981459032048979,0.31001611919989885,-0.32050917953732666,-0.04967753713143861,0.43237495201679904,0.09941304610195241,0.13462394202214903,0.11149834851990198,0.329470878587892,-0.6274993266039187,-0.014330107249618244,-0.20722729130814865,0.4840506540209507,0.3064954009660372,-0.08939349657754325,0.29324503967883037,0.1100448696958024,-0.016535806692862767,0.0737578458045818,0.32569269920183824,0.16865776504564345,0.7097314171894797,0.24086856923265362,-0.03187361083950169,-0.24270346658280603,0.2821662950232993,0.30486230231315387,0.40906604463537677,-0.08792161018748579,-0.0949339031320397,0.3145338766881871,0.038884897640705775,0.05892426078828539,0.24524780785553735,-0.0203833086211635,0.372918970881424,0.3743071366095249,0.3418128635991661,0.22651144486393265,0.4143272524096752
BCUTi_1h,0.7157622128749856,-0.4483694928287745,0.6376658859731489,0.5204595154002039,-0.631095022926425,-0.6524639212974586,0.6042052611313976,0.6349110975044139,0.34710105030614563,0.5910591745300444,0.27422226752994894,0.21427693071173198,1.0,0.49672555652079253,0.12682505206945807,0.6172046581469186,0.3726849529355344,0.4443523109817999,-0.4501940555311075,-0.3366636673251622,-0.09445953535938137,0.6657135920944773,0.6045650044198184,0.37064175512094416,-0.539975822942259,0.3223247220789906,0.35110103043460644,0.5002169433927734,0.44859196106853744,0.4494411994139494,0.6027942393875529,-0.2086158030834878,-0.22600151369752897,0.4227371589182649,-0.2935575516500961,0.5676847968343357,-0.24326387334691893,0.6308854900265674,0.42288975820846225,0.3022001005944592,0.5916037334160483,-0.21612587424184576,0.341918787239802,-0.3722908708823345,0.5021517896305498,0.5786821424749136,-0.2583245450219129,0.31471241904086616,0.5893471694787659,0.6405464243492459,0.6098985950329503,0.27323334396624765,0.420534788156754,-0.1408296111469301,0.10493880580318644,0.42504469986942983,0.6682001399746061,-0.45479234848209343,0.08869482890695259,0.2784921574564807,0.09692346013044031,0.11180712671929204,-0.24714927327821007,-0.4647427724596079,0.26521026747291876,0.533052139545857,0.022037867030467177,0.6708938301166688,0.30954031089759904,-0.27460676787763333,0.5695546691706862,-0.09465791355601454,0.049673802590452044,0.22620438064322276,0.08830434767059928,0.21464518909399521,0.3262312255151956,-0.15944684045015692,0.6621819418098164,0.5332404296137345,0.1754991759134019,0.4525336243822566,0.2895232033277512,-0.2866227184236534,-0.3275007939504478,0.34532923376515695,0.1947419267564363,0.19387960736435497,0.09879125862280337,-0.104065069438809,0.22828650206835743,-0.0790984372961628,0.5952958883238809,0.30443026071932927,-0.025115362879123748,0.24468958881181818,0.23341915505298205,0.5754352927296164,0.17503223506666732,0.07539372803423451
ATS0dv,0.833788800066761,-0.8635062057308945,0.863747943023336,0.7826608200128727,-0.862035376434752,-0.823436284272349,0.8374748702186625,0.8476852380873255,0.6364580220839124,0.33550575202077226,0.6057816312223203,0.5008403150710335,0.49672555652079253,1.0,0.493057981665694,0.359533335061993,0.5308470446759967,0.8115522128968211,-0.8550563507481632,-0.8963766903915932,-0.6027462650591883,0.4092114467283067,0.37011344360953097,0.7521082309138337,-0.692030414571073,0.9112367221630231,0.4903611861618928,0.7913644907918467,0.65591138367621,0.8075718254078761,0.33577294439711775,-0.0542587985304494,-0.09300901558349597,0.9617905037242639,0.0077939684458531175,0.1420221522661598,-0.8264598167017702,0.37929949726676426,0.18215450519938528,0.7036570303653943,0.5757996560431468,-0.09811041425699853,0.42057390105642173,-0.7082747352512753,0.8299477059969126,0.5837636515760846,-0.5672246921221281,0.7510069750559734,0.29290049175120064,0.37434006728881536,0.3361315734147701,0.8876704732779901,0.46950273600618203,0.12095024759575372,0.2427209935744792,0.6893193936661975,0.2162350970563241,-0.32010803727132187,0.02619748605055906,0.8765439481398267,0.20572306034312016,0.7127373779288653,-0.7177898563239339,-0.17974422303249724,0.8637953878035292,0.26252520618534886,0.2775971937348154,0.5231286809149643,0.7546418698524686,-0.795424591535828,0.3181381482047674,-0.3984226753840328,0.3014681644765783,0.6549687887353266,0.02512858967375066,0.6288800226853569,0.12153540784491298,-0.1691743720976553,0.1976091179782771,0.7033447172472161,0.14447288924704432,0.8235261249895901,0.6141866662871311,-0.0035761622732051377,-0.21294238707509242,0.4035101199411108,0.6497960244715231,0.7707625408087806,0.029558398433322763,-0.09375229334793236,0.7321600537031239,0.0010692386949077844,0.3417795904514406,0.6062152995612912,-0.04955498662855587,0.6016879275697989,0.8055716656608352,0.5170203151246394,0.1717737026110422,0.19491989286459094
TopoPSA,0.4554080104584043,-0.6304564436573943,0.54457935378436,0.7245408801649269,-0.5692798013734185,-0.38907261618228056,0.5637822012867048,0.526086259060684,0.6200644760184535,0.18185478496164661,0.9028995706610662,0.5787621939634139,0.12682505206945807,0.493057981665694,1.0,0.2020335521799319,0.4531858055452072,0.5498434398086056,-0.5902492686969951,-0.6500316423030793,-0.35520521633362917,0.12221473823411183,0.1408802328448516,0.43597814635991644,-0.45844238849642766,0.39722329656566135,0.3700865460003365,0.7381827493211095,0.3681038477727641,0.678170215849694,0.11727576811609153,-0.24951444376033868,-0.26876620534401574,0.4329199861301231,-0.03408197932062681,0.10989336351825212,-0.5903083290255345,0.10666674879750239,0.39943608895375976,0.7395405917178384,0.10791282404409687,-0.19986179302136978,0.5623134197607054,-0.701557301359514,0.5137473069508302,0.185459553051057,-0.6656641780926504,0.6742423927881609,0.11117229025759148,0.07993045817200667,0.0994840894248456,0.4446883079497811,0.6229233125321104,-0.39741601480695005,0.3932284083020915,0.27497848376505124,-0.12082071460218333,-0.14203236391785365,-0.0042288136318766115,0.4880155090588758,0.6495871571042426,0.3995461083355764,-0.25155050779594895,-0.08861220158390724,0.44713543441536,0.20258549353759064,0.16236551377671357,0.15621359904709362,0.2735019819047249,-0.7038334257313517,-0.1673237053297364,-0.1558707635468812,0.556173396150298,0.31103248522915455,-0.004984494598054397,0.23916699715669645,0.3783622880254062,-0.2621211955124728,-0.10497495300457202,0.36699199443083036,0.3523902699791095,0.5195069812575466,0.4154682490224041,-0.013641122168223302,-0.35233490016059427,0.5677572180282533,0.2536666675661196,0.3522754788323262,0.007198711049172272,-0.07240309437331302,0.2833057934345633,-0.003464027036116291,0.13111277401828297,0.4085915837310771,0.07350346449959631,0.3194820140347753,0.46879551046617274,0.34630869016907395,0.38587651626476693,0.45519464644789176
AATS1are,0.6138910558871238,-0.4207514102205297,0.5932047383451061,0.5097977820040149,-0.561390725998141,-0.6008081020525619,0.5879272351786039,0.5996608043850955,0.3894659975944284,0.9821317765244388,0.2627832130225878,0.12967163759619643,0.6172046581469186,0.359533335061993,0.2020335521799319,1.0,0.43633351201066756,0.24048954577286333,-0.4240385143784138,-0.23673655572533422,-0.16708699700592725,0.9304765264728251,0.887132478823787,0.3216389509262861,-0.6179699062458142,0.19035156151798316,0.4006830374938513,0.4698581653264582,0.2119843715929906,0.4194376493206558,0.8993629802763787,-0.3298211377495013,-0.3404109365239023,0.282743264457174,-0.44136908008203746,0.8213464865634693,-0.11508874918155337,0.9025420598662739,0.7300007021468154,0.2635972976023217,0.466889676120626,-0.32819422578791674,0.17002230827995368,-0.3694247495408319,0.25194844416778217,0.8248275508531194,-0.2072760800339865,0.25014742367087944,0.8796707796001537,0.8985443466476183,0.8969205256979629,0.15330118630769832,0.17113384594568987,-0.31933907629291364,0.1648695838310247,0.2541760609150487,0.7451894447141406,-0.36624800875645164,0.2966108265021352,0.11287877270609391,0.12655953702523376,-0.035951959347471,-0.045743030368830255,-0.675116531912516,0.07743552969714985,0.9597490830931958,0.02386780442558059,0.9006609306513403,0.13767612882258773,-0.1716139725538339,0.4274365859195938,0.1356899793440539,0.1367510408588636,0.048747795509650214,0.2960193921565652,-0.1149408636015731,0.29515513883493755,-0.34850413773490035,0.7459451254584165,0.3816753118184655,0.3668048971396404,0.1848462154774267,0.1564467541489488,-0.4255045040291099,-0.4724108439166386,0.17816407320253885,-0.13486681374144022,-0.028841302203784235,0.31692016334531836,0.015736857607672218,0.06769963271487474,-0.000712699245959375,0.8876717683220179,0.16526056443529832,0.07758779692460593,0.17212446047748836,0.07826870963251722,0.43658969530389435,0.3440621614426693,0.37087573005832897
SM1_DzZ,0.6753437758251696,-0.6537782302244227,0.6817616677225591,0.8370032732549172,-0.5210058380308222,-0.5652701073224032,0.7793022884572753,0.7441093463265357,0.5660488597363486,0.506893345308778,0.34251634323763647,0.39747141914058465,0.3726849529355344,0.5308470446759967,0.4531858055452072,0.43633351201066756,1.0,0.5367606056121728,-0.7301308429989647,-0.591182263128156,-0.37644853319938415,0.572766023967638,0.6468689464947219,0.708294891576961,-0.7228661664059157,0.43902835051814,0.9684302872398881,0.817442507309578,0.35776886586969225,0.589159568060558,0.6294117440562471,-0.2782617241822779,-0.28793065147779023,0.4993121393744376,-0.2576237718888539,0.14882436986451233,-0.49551149878903833,0.6223695846401205,0.676139848962895,0.4238323524624597,0.5011633562994365,-0.288309782569057,0.2558146065313175,-0.5461241031468506,0.5072336051396855,0.396835710315964,-0.35361475106297957,0.4295699056411337,0.6232377461368576,0.6088285397121727,0.6219261543877123,0.4415274236280259,0.47854004331496347,-0.06517575548362554,0.4108800886056734,0.5271739435671615,0.2691179424248987,0.15485985043562536,0.5022188823474963,0.35971584684602853,0.15272962457645387,0.23809165912482674,-0.13839312520716526,-0.3153316867593983,0.5378889713826956,0.5084739348578274,0.5730866162473297,0.5047469803150184,0.38395636430978336,-0.502573856300528,0.4551486849933807,0.050689654155352135,0.1530270515419341,0.5878591419495753,0.5028886128156387,0.179094819693493,0.08383022124276884,-0.2806840913801919,0.23501457578747695,0.4608339895533605,0.3091707491692292,0.4769008119041819,0.6328541110179127,-0.278673648352795,-0.304993094345501,0.24534116887900417,0.17007623928926044,0.3974278269874671,0.5267946405005025,0.23370448849859968,0.324576377697599,0.04190790116465822,0.6393996474248489,0.6362852574739377,0.5092851108318514,0.6870159243638733,0.5457870634105254,0.38975348586103575,0.30561441797023614,0.1418789339092302
ATSC0se,0.745914232059658,-0.7877120297148105,0.8544151506599507,0.760445097712992,-0.8353533830120091,-0.8040436836737681,0.847048582888087,0.8424488801731324,0.7001382083320783,0.21574563737598274,0.6742417839065733,0.7145304181513102,0.4443523109817999,0.8115522128968211,0.5498434398086056,0.24048954577286333,0.5367606056121728,1.0,-0.7550444990315599,-0.8105470952324108,-0.4464048671720771,0.285754585463874,0.2465850882184211,0.552075898578634,-0.6015957231494283,0.6558651664193634,0.48777390771453727,0.7586808233105574,0.5355820403023883,0.8332208088434264,0.24500274588229645,-0.16748237820970716,-0.1952545958646519,0.6943968167798272,-0.022076993930109586,0.1000230602870115,-0.7398293146144562,0.2584231777893992,0.22277168743134096,0.7867910419166956,0.36008913976916174,-0.2319194364969365,0.19931300138945643,-0.7917500383044564,0.985172316580091,0.34104768961383647,-0.7207517367804357,0.8739064252321769,0.21752899425832858,0.25912895317180473,0.24820841989664236,0.6574670796223564,0.5430853484053578,-0.11528100012607864,0.39219440620352075,0.5180089025164639,0.17365913124544682,-0.31715510989335427,-0.028183026805085488,0.6130384111372517,0.35244659785767546,0.494263128001492,-0.5151937988258078,-0.1438685812062444,0.6468141355423455,0.17909745578438963,0.22317770417925137,0.33646738984040553,0.5235460249227156,-0.838218458252887,0.20101751565801987,-0.41966702924601906,0.40694681173803604,0.4856642312547592,-0.028747023434174096,0.461642418137906,-0.04718160318320401,-0.004887378118248992,0.17424976392750405,0.6690314192434118,0.1341321002217638,0.9853270007995311,0.4785326186750392,-0.0463185973958157,-0.31244409178247157,0.18384560304045622,0.47682383244534193,0.5818986956039741,-0.026289188174675324,-0.09464418050318082,0.47523155004326056,0.021896438584171233,0.23105876296582759,0.4776863638609904,-0.04147916237047589,0.48657842884156133,0.6201195720290578,0.5941070874821122,0.18016816144885764,0.4453618698894611
WNSA4,-0.829880518384002,0.9726659691403472,-0.8582404010084992,-0.8665664344961739,0.8047848939015839,0.7825340796523741,-0.8835995937241883,-0.8736987230063512,-0.7522068037843551,-0.4279465597253856,-0.6305261929209757,-0.5011588887439673,-0.4501940555311075,-0.8550563507481632,-0.5902492686969951,-0.4240385143784138,-0.7301308429989647,-0.7550444990315599,1.0,0.932716945076072,0.5402037315101733,-0.514324229967774,-0.5169487756325913,-0.8776852244161752,0.9051005519445379,-0.7604734778881942,-0.6633150794903389,-0.8541492316817766,-0.5299005520375445,-0.8891943557130169,-0.4840476125620732,0.34989108389136314,0.358781610760931,-0.8069519860528681,0.20013281584554024,-0.17348102360386825,0.8168085376027833,-0.5095860001450454,-0.4033871905141432,-0.7957814137454873,-0.5650689697801093,0.35501424604215526,-0.3639636857927055,0.847556186664007,-0.7355929080404005,-0.5547409038446683,0.6308046494091782,-0.7593462384548472,-0.44272553796906366,-0.49941803800660933,-0.4809415611566339,-0.737433716107694,-0.5514406623029934,0.03612414352085867,-0.44056000073253404,-0.6138301936318548,-0.24203101556797976,0.19516337092620567,-0.18385730834524955,-0.7321510025778408,-0.3849588621924829,-0.5075745716932252,0.5269195867250713,0.24010450474895467,-0.7288187744600518,-0.38251846296752096,-0.35764496149374864,-0.5658833745663363,-0.6011467098779707,0.8397694732699235,-0.38715683615695645,0.151221202404243,-0.3881743907704611,-0.5906430507433098,-0.18323581691108445,-0.4356611875561187,-0.12279940815762615,0.3007975529987702,-0.21878584170686657,-0.6502145819739593,-0.3705877200628779,-0.7156828784263392,-0.6693497369345349,0.2114369352540784,0.4072569811411287,-0.35484223403380777,-0.4429937031328759,-0.6151026114461944,-0.19697292658991294,0.00694712612839501,-0.5416111654908827,-0.023500619863369855,-0.49786304842916906,-0.6668120259389281,-0.15407968658525953,-0.655809594882811,-0.8049160627082178,-0.5040677845683409,-0.3794499510612188,-0.24595838496582206
PNSA2,-0.7468641486659026,0.9257870640171322,-0.7965084389004389,-0.8045102747335242,0.7752864592419005,0.7057792814758274,-0.80220833149409,-0.7933585285382199,-0.7179427302394868,-0.22589031758753272,-0.7066369795763461,-0.5938207350906017,-0.3366636673251622,-0.8963766903915932,-0.6500316423030793,-0.23673655572533422,-0.591182263128156,-0.8105470952324108,0.932716945076072,1.0,0.5751895041072831,-0.27198804964197415,-0.2655358743174522,-0.7976665423791908,0.7099898579710704,-0.8416149870338783,-0.5345024694557955,-0.8118475565609664,-0.5288480535804659,-0.8496693475264473,-0.23185157907151097,0.2135743354858425,0.23155192486183646,-0.8587363695023225,0.01709521714758725,-0.05597081201159756,0.9533293938968983,-0.25948023776465945,-0.19112274465861454,-0.8214496785981169,-0.44993079742121234,0.2247401565139496,-0.4260381010768165,0.8099846644770712,-0.7959367404678085,-0.40912789804785205,0.6789443672827116,-0.8200040034962245,-0.19236527116542876,-0.24843928018589412,-0.22764689050505468,-0.8420859025622833,-0.5135499441065594,-0.05331397541698684,-0.4208148400008695,-0.6012976086155918,-0.061669087940882925,0.19910956550041162,-0.040563185313929,-0.8528041123938161,-0.43524273457004264,-0.6804168158451321,0.6523935406090539,0.10816387059406495,-0.8440532161568255,-0.1807875540761379,-0.3442017316004229,-0.34806721267474994,-0.6651677001790791,0.924042431035409,-0.17746726212641073,0.26509815081759586,-0.4521900535387556,-0.6462418259588883,-0.03990616692838821,-0.5274693574752306,-0.11577582364292816,0.17254801578648882,-0.048660310128571714,-0.5668934289624252,-0.24926348847572913,-0.8066555805104891,-0.6208932591801135,0.020008854924116595,0.24715852301268448,-0.4129835888123746,-0.5530051636211843,-0.7540467578365171,-0.04573520171613515,0.058070237312863926,-0.6474718181064155,-0.003945756372597532,-0.24286640130438322,-0.6135874403783915,-0.05901160803093929,-0.6035097688210399,-0.8849727833991925,-0.4120473842365521,-0.2770840263850223,-0.21123814022623238
