,SM1_Dzi,SM1_Dzv,SM1_Dzpe,AATS1se,Mor18p,BCUTc_1l,Mor07,MATS4v,FilterItLogS,piPC10,AATS0s,EState_VSA9,FNSA3,BCUTse_1l,Mor27m,ATS2m,Mor26,ATSC6se,Mor24m,PNSA2,AATS1d,MID_h,ATSC3v,GATS1are,Mor24se,SlogP_VSA10,Mor03se,AATS2d,ATSC0i,Mor13v,ATS1s,ATSC5dv,MATS3p,Mor32se,ATSC2dv,AATS7d,ABCGG,piPC6,nAtom,MAXsCH3,MATS1p,AATSC7se,Mor23m,IC0,EState_VSA6,ABC,SssNH,AXp_1dv,BCUTp_1h,MATS3se,AATS1i,ATSC2pe,SMR,AATS0dv,nN,AATSC5d,BCUTi_1l,PEOE_VSA1,DPSA4,nC,SpMAD_A,BCUTp_1l,AMID_h,BCUTs_1h,SsNH2,ATSC1se,DPSA5,AATSC4c,GATS5pe,ATSC3Z,PNSA5,Mor03v,Mor02,ZMIC5,PNSA4,BCUTi_1h,GATS1m,Mor21v,TopoPSA_NO_,Mor28m,MID_N,FPSA3,AATS1dv,Mor15m,ETA_alpha,Mor02m,ETA_epsilon_3,ETA_epsilon_2,ETA_dAlpha_B,ETA_epsilon_1,Mor12m,ETA_dAlpha_A,Mor11m,AETA_eta_BR,MAXssCH2,ETA_eta_BR,AETA_eta_B,ETA_epsilon_4,Mor13m,ETA_epsilon_5
SM1_Dzi,1.0,-0.940724372076118,0.965134962212642,0.5413872243923854,-0.020372889471526757,-0.1241749245151774,0.28423248440767457,0.06580320594160251,-0.02293608050249821,0.22521266869977044,0.6180040487368053,0.2831004955289597,-0.5705738062753953,0.009595834724117262,-0.17401031634620162,0.47893375851385384,-0.2336713376287057,0.15483516352266663,-0.09336345145916114,-0.7468641486659026,0.640444431326762,0.870084837063878,0.11961336300567955,-0.051604236311460765,-0.26651918220924287,0.7570632388273567,-0.04327696310871937,0.39381126930446797,0.5287280470290497,-0.2808543358479346,0.47095134899663127,-0.1681802070742102,0.02806550046380662,-0.07135792591661662,0.3681938957400609,0.3360392336099838,0.4464002516442487,0.20769519769798098,0.06230617025779174,-0.46714846555462675,-0.03876238843282956,-0.029197003196855743,-0.0951667240017765,0.502668453828686,0.1179936425789235,0.39918501221497943,0.20623852030592196,-0.26265198991844596,-0.08310827800119147,-0.006482612554159099,0.47010987746293487,0.23208570005344584,0.1430718625910578,0.7059829615899992,0.49009886268680136,-0.22483195279428136,0.11205872743129476,0.30673253907347686,0.7816850296817238,0.027591535358640583,-0.036753412992786366,-0.3768623811269926,0.5120038675524865,0.44739986483527155,0.20713989064483848,-0.2716205635858802,0.7098273126442658,0.0952501731686701,0.10831536077447503,0.09413950578525065,-0.7693945953398688,-0.15852147796477883,-0.091337770834825,0.5738101731296399,-0.8126300136547162,0.7157622128749856,-0.22674066795217776,0.09620728356618574,0.5695668759727807,0.18001485908620188,0.4968809933249641,0.09991054247597127,0.6705569404358257,0.2583488036109072,0.2912075972334036,0.5210849801973815,0.1851150621483414,0.6237642956690321,0.5513946658621901,0.6344366311716197,0.40068640053743915,-0.17620849216923604,-0.04517563756582929,0.49324568573535,-0.5619914319391722,0.6422558406839103,0.4773787297095339,0.6025101414749289,-0.12007642578840921,0.6105986121562639
SM1_Dzv,-0.940724372076118,1.0,-0.9471895326200337,-0.4664289814236176,0.037702887756377194,0.2516816585273727,-0.3079452655796241,-0.05770864933423626,-0.05211718461490816,-0.22878457884692305,-0.5580251128588891,-0.25098477823654486,0.6188492840676006,0.022650908574977428,0.16190105202173544,-0.39537844685657675,0.1898753355993522,-0.17176647952488186,0.05189046698700174,0.7752864592419005,-0.5632994920831362,-0.8388104334135437,-0.10413871894988143,0.14659576099547586,0.23844462331793903,-0.6209608363104432,0.1001460955523008,-0.40097557817636703,-0.4808444453659875,0.2935501410944814,-0.5730526852454902,0.20156900266328465,-0.04479923857324886,0.06286490654082112,-0.4116731797735118,-0.3090792744303986,-0.492286087614555,-0.2439218805506091,-0.15231150902691457,0.48356608195834283,-0.0045639066664979674,0.042011023544182236,0.05021040415598975,-0.5093111823984284,-0.13108312581630466,-0.43808228743397504,-0.18091423226824582,0.35240851705141135,0.18003728756108628,-0.016309967617170875,-0.42955706424067136,-0.29726728519834034,-0.17594024484119988,-0.6458487732632006,-0.421608298637186,0.22437220920883674,-0.11472134513346989,-0.44750331647835023,-0.846108812492458,-0.09700055524741424,-0.024052459583221546,0.45877845770327635,-0.4200148296598882,-0.5459098008635592,-0.17625599779862822,0.26489550130335754,-0.8000690195186726,-0.01236867571279535,-0.12800169096608718,-0.11859570210095136,0.808724360774518,0.17372715312455175,-0.01716223059929098,-0.4809467419475451,0.7608259034316343,-0.631095022926425,0.22868724255993012,-0.015547597532190234,-0.7043200333213021,-0.1914842205892371,-0.4291980615110696,-0.24159809899678583,-0.6185705825039708,-0.3210140111106636,-0.31451378179324696,-0.5173114586847694,-0.2161781374482374,-0.5559994706129682,-0.6163227841912889,-0.5090312751191592,-0.4385927628238395,0.27510855115637867,0.13154598705387172,-0.4309036917517666,0.5756323197663265,-0.6174296252675912,-0.42023436565494576,-0.4798563069556825,0.17288414624198417,-0.5172997015793052
SM1_Dzpe,0.965134962212642,-0.9471895326200337,1.0,0.5507225095212289,0.011586512220100062,-0.18097507590199147,0.24954116214628377,0.045590366224364985,0.016549983909484405,0.2058235936498974,0.6075058706549449,0.34755535017231853,-0.6361808262912432,0.01182573291902973,-0.15906160404369116,0.49621405898329174,-0.23502827994314127,0.17579151294524858,-0.0825060821520984,-0.7933585285382199,0.6277378351561038,0.8983268339548199,0.14947514729463063,-0.07820822647332691,-0.24704442563212287,0.6556398628829355,-0.07734650062498782,0.3777262237900701,0.4789526167122022,-0.26330973782551415,0.4843690210460975,-0.17009744307470043,0.057601804414372834,-0.08511026381309385,0.38556194503300645,0.31940468444505254,0.4587942056850107,0.19348338239205456,0.07473957996826436,-0.5047270263803086,-0.03295820405898522,-0.048178966324383406,-0.023083456427950393,0.5301672180529132,0.1167316803559612,0.4040826178411587,0.16419845511063383,-0.22572292638460806,-0.04324335535124237,-0.012918051868553175,0.3914332257254058,0.25805767508445493,0.15068028112175408,0.687570271457507,0.34106189686706867,-0.20622234280722568,0.06426086126347733,0.384350756793673,0.8488037268520001,0.02668631017590326,-0.046426221736917676,-0.38460073607380524,0.5362755683302322,0.5113862850283584,0.11586540693869816,-0.3073085382623089,0.7956444346896028,0.049292595495227784,0.12978840034320374,0.08585252796798508,-0.8489584208535094,-0.1783398533653321,-0.06992327553758988,0.6061390452372845,-0.8448819192957312,0.6349110975044139,-0.2655516908102216,0.061934666171301105,0.6212545367955375,0.1933799520024666,0.3506578808532439,0.1271257102285483,0.6332570975972752,0.26915058776158535,0.30575436055877725,0.5342184089152308,0.1671848368911982,0.6471053275427103,0.5523074344340704,0.6373124521278809,0.3873163649089223,-0.1460070981547256,-0.050447400705410324,0.49346205063354776,-0.6133446235919549,0.637960051448757,0.4940473379031341,0.6061156343525733,-0.1124877404513599,0.6358434911143613
AATS1se,0.5413872243923854,-0.4664289814236176,0.5507225095212289,1.0,0.3370850980488289,0.2057480841274936,-0.12530905041191315,0.11863204253896449,0.3477403860674326,-0.10213870391408295,0.8429120839889801,0.19460160365624368,-0.5327513713660906,0.6262646938308853,-0.11920764472354198,0.05286450978082685,-0.34419680960743865,0.06402087716062776,-0.00904830831478479,-0.1807875540761379,0.2319931871938609,0.46194222695099546,0.205672310584323,0.25848296255376685,-0.16177755140151018,0.3997873939906829,0.27503652001856616,-0.07996367461542159,-0.10144094743637254,-0.002068717496380458,-0.1461371641961354,0.04991738110256498,0.13661658249634054,0.050801004304350715,0.060013806897780624,0.08957156024056098,-0.19094334156625756,-0.22783650085447812,-0.4543133187477374,-0.8034679983259004,-0.38090690146288225,0.024538505300816613,0.0005873417956987927,0.1325612938004918,-0.08491234816231279,-0.18936726855956593,-0.009202415556921412,-0.02667981410905897,-0.03431393765629701,-0.1691123780284094,0.7339927229112206,-0.016171830982587086,-0.37433198188386885,0.8259130580681804,0.1302396455097809,0.09041897515404494,0.4174878076821981,-0.002874804233486324,0.3686060422502554,-0.45888366921234747,-0.3627607437265785,-0.19959054911578422,0.825660552778813,0.2656595454726716,0.026145758425537163,-0.3500226534219294,0.3754307039608905,0.11378943480892656,0.057479287774720195,0.09883963769448637,-0.49797542669381034,0.24563578523073298,-0.48817329068367243,0.17836383054813493,-0.5868974414503583,0.533052139545857,-0.04756117898156444,0.423956776865524,0.2269472599004346,0.0686155499218037,0.12227479746940628,0.1211514922165028,0.697916853858715,-0.07954147848978772,-0.2609500961320853,0.0545658236031539,-0.279265345856506,0.9006990025866208,0.6569901867110929,0.9235562063589827,0.14185579055821157,0.021470847548439625,-0.04564657307642856,0.3628694853930763,-0.8535892939856659,0.16934123300433004,0.4030100874601711,0.9264926793345335,0.15037628693099978,0.8194075153052769
Mor18p,-0.020372889471526757,0.037702887756377194,0.011586512220100062,0.3370850980488289,1.0,0.3150134122972373,-0.7624023100957804,0.10369572597284858,0.7493609232711103,-0.7505067169355504,0.34253439856393575,-0.05874973538973287,-0.29581418322015923,0.47598010053304957,0.33469391214647587,-0.48407488064263265,0.07904495848583516,0.021109199367689707,-0.32662668776236436,0.4106501987256102,-0.3881521661991318,-0.08395538494083643,0.06756337243829888,0.2513175617420721,-0.0498644540370659,-0.062094876595799466,0.27051809260278864,-0.5949102793620679,-0.5131274356016448,0.663285444638202,-0.6652314450243614,0.18837605808667882,-0.02328999993257655,0.27695336211583055,-0.1954146965626249,-0.619231832028584,-0.7080070970230726,-0.7905098463068995,-0.6618335573652008,-0.15116153714381392,-0.38873099697174535,0.04625145222562258,0.5424292786328192,-0.0717975972292816,-0.3338673634749365,-0.7692080932064764,-0.206916706763596,0.20744583796745386,0.04793950360274239,-0.15710091060178807,0.32246243794918705,-0.14584392691733433,-0.8152138526613186,0.18403197860460097,-0.2527851846238208,0.2830304393936164,0.14549542098846943,-0.19073935235085837,-0.17291249150037144,-0.82272294426991,-0.5586404785967268,0.07315771248799424,0.4492367497191368,0.09482731208267418,-0.1814828218507776,-0.23430322689261332,-0.13201404074702056,-0.03561867663843244,-0.07029185454208803,-0.08766134331549488,-0.043308026549626955,0.5302852309654839,-0.46074136918736375,-0.20694077527360502,-0.04611007669221815,0.0805965656145916,0.24502333646747643,0.6012779945017465,-0.13925886651458758,-0.1717616398804701,-0.26596169704252237,-0.001759616234594406,-0.0021420372177182834,-0.5963721913817313,-0.7874913591282133,-0.5695903776054608,-0.6681260184344818,0.42431292342391297,0.3441903375481316,0.2906445043540156,-0.3260465559492397,0.1792574711985542,-0.2319303590632996,0.13013104433533057,-0.214593645780319,-0.2767236588030146,0.27896555892293434,0.38369963684767344,0.5991200069053654,0.3525735042822829
BCUTc_1l,-0.1241749245151774,0.2516816585273727,-0.18097507590199147,0.2057480841274936,0.3150134122972373,1.0,-0.34696695617810414,0.15097032626747192,0.2733334340166276,-0.2532756590082662,0.19569764216467453,-0.11467621445547807,-0.07764959020999067,0.4036871411394397,0.145521769409987,-0.21625687219447695,-0.09947906595244864,0.012722029884047692,-0.14787138552437762,0.26509815081759575,-0.2728016481603205,-0.18621937182527995,-0.02185759412692395,0.656292893505014,0.044229202854832846,0.110097702899715,0.15106071803840188,-0.35918666933699783,-0.1988506125002597,0.1947879995562629,-0.4511737307595068,0.24166385273133797,-0.08011943974663385,-0.1365385415876168,-0.2992581720525399,-0.24188041035283436,-0.4735043914575706,-0.440657178009091,-0.386791443116382,0.24571135338325117,-0.08920124606953686,0.0456716036099496,0.1066189783369986,-0.29456106660687814,-0.26830024174589356,-0.44365561342461307,-0.02152800740662019,0.3167648981068558,0.22255794756681732,-0.033535889858940154,0.26363870369296594,-0.2874357879290924,-0.38855249281007975,0.02669499579878926,-0.0600841555618578,0.22762671911250146,0.09210012261775243,-0.3135367592686373,-0.31457820425489796,-0.43279197687969284,-0.4868521442118067,0.4366631777238092,0.22971480136786968,-0.3503259212486223,0.024694981835674444,-0.16009744307932178,-0.30517008736796103,0.10161004156401161,-0.20425234428634725,-0.06626321138282364,0.1495742342658279,0.15941088885321814,-0.30637877113239204,-0.07655409795395399,-0.009339922316723513,-0.09465791355601443,0.40395937008775723,0.31268483665535085,-0.27331965712977885,-0.17169641420560883,-0.07072044145400895,-0.12549246329516806,-0.09343884906536368,-0.38150408502123784,-0.4134194481474956,-0.3697509420715047,-0.5080432134827896,0.15960263364917635,0.020728811937435292,0.16965211305142588,-0.29343073001642456,0.3262548860399362,0.11610833847780437,0.03788131495979616,0.11891282685568147,-0.1642791432957171,0.10667259394083824,0.21411269599285812,0.26713238975307646,-0.018283956985922247
Mor07,0.28423248440767457,-0.3079452655796241,0.24954116214628377,-0.12530905041191315,-0.7624023100957804,-0.34696695617810414,1.0,-0.06780936735069183,-0.52486182154508,0.7103616553673154,-0.10578462727025043,0.12646782107114027,0.016227057013346573,-0.4489715561834524,-0.4881623035176437,0.4982429650387385,-0.2899908168948778,-0.006445090445069975,0.22230959017337665,-0.5905582614523205,0.5623380507001206,0.306135321900585,-0.057280287519086356,-0.26386263369981117,-0.19754533736006058,0.22823716410661438,-0.0704915519162537,0.7049663027357653,0.49714701243768444,-0.7451630555926004,0.6967026955929395,-0.2118407438513973,0.016079202748982373,-0.17073651597849646,0.2318172604847123,0.6031769163544839,0.7109218017793835,0.7824985366720247,0.4894368524791889,-0.0764660143324826,0.33683649499940105,-0.02736965418679326,-0.47944510942967344,0.2132929392717719,0.39075842065184235,0.7544605974103381,0.21163635942437303,-0.27124893768430175,-0.06733393336986138,0.16864353682036834,-0.18154983204770253,0.16591851876263777,0.677311056448412,0.07977648445450251,0.362609307915925,-0.20644056284953882,-0.09972266189694615,0.2680607343779232,0.4036314155428519,0.6819114208437155,0.5294453559767741,-0.12317822785114624,-0.23235967422783269,0.01697961286112749,0.18970489297787907,0.08491253582005792,0.3654062759078688,0.0020752455867762277,0.09338589952368549,0.1230167170946784,-0.22952860397770572,-0.4121394076494324,0.20663089162886436,0.28500333934320304,-0.23233899917337125,0.10026369578357858,-0.36905654553667416,-0.4299636661007708,0.31192418326697646,0.27017769766278843,0.3784916451924189,0.13075017548566514,0.2550170538199353,0.6661585212563986,0.714345585877119,0.6173264784171393,0.6852756288997034,-0.2040781554935544,-0.09236759681440278,-0.05731568188618078,0.5178140022146223,-0.17153474580106032,0.1201991220690296,-0.011678161699372316,-0.06975465872398877,0.38364105606058413,-0.1905519657472817,-0.16597532949863494,-0.5781609262718673,-0.15055161284177335
MATS4v,0.06580320594160251,-0.05770864933423626,0.045590366224364985,0.11863204253896449,0.10369572597284858,0.15097032626747192,-0.06780936735069183,1.0,0.07253309129657586,-0.004253934910073516,0.13664099561186183,-0.0048898715468884395,-0.0765724184690829,0.20672828924393807,0.14850318195753673,-0.0770602664289522,0.07453547882959302,-0.028938718034718616,-0.062419994780525456,-0.005602380665582906,-0.10234131590129593,0.001948474307640484,-0.06717731420266698,0.12054739769219164,0.09652417104773693,0.07623587866184614,-0.12225044192394796,-0.15240491843935858,0.017884472749320996,0.14129911216328855,-0.039135514487830064,-0.08779835306314263,-0.1340931209605407,-0.03465386976957354,-0.004506933982484349,0.16123482258583077,-0.0770558956510481,-0.19041036806182923,-0.00508148690127727,0.16714655003942744,-0.17085476884588421,-0.09208457158417041,0.015142247891716688,-0.10434143934500392,-0.096331023194022,-0.06191783609602548,0.035170646676043006,0.024961796220662896,-0.016535075980634455,-0.13053398113742087,0.23850555868172357,0.024127581163110253,-0.0700310924435051,0.05388028683909213,0.0037765008256382395,-0.2832528482912924,0.04699641620683717,-0.04266127098339461,0.015580110978160257,-0.06580188482614881,-0.273876567943201,-0.03882719419252187,0.08894651748880657,0.05246618694755431,-0.0322451044849036,-0.0911019510913718,-0.00895508256345294,0.29050873314143616,0.2389713744608551,0.03348114250362143,-0.0033236069719619014,-0.08163953277411182,0.10443158977291439,-0.002987622903678814,-0.05827879764083997,0.05374614313634183,0.22159326380543126,0.028382734259153348,-0.0019991105313464444,-0.08784349795630281,0.005991308275260661,0.04733291797310916,-0.046807679570900144,-0.13785173742827828,-0.068872390246091,-0.06058560762891086,-0.18208079800603483,0.12284938640759821,0.09790747319617536,0.07348508642165226,-0.14154068224775654,-0.08866928143251333,0.009078044021510488,0.04291648723107369,0.08489292385526613,-0.01460423135082627,0.0875889527851118,0.11089804013525058,0.09913416103648706,0.03438528123375938
FilterItLogS,-0.02293608050249821,-0.05211718461490816,0.016549983909484405,0.3477403860674326,0.7493609232711103,0.2733334340166276,-0.52486182154508,0.07253309129657586,1.0,-0.6014673098642404,0.28123479836850124,0.05692661343586682,-0.4768623727788319,0.4199313601269246,0.0273030156291715,-0.5342386242897436,-0.23437191445563432,0.04260040087883492,-0.08823205603125964,0.2659727346412222,-0.37539033276972944,-0.01372848581314637,0.04638711444063552,0.22549209505596,-0.2703805271721423,-0.15282773992929718,0.525024926235966,-0.42684120772165374,-0.6837757135923238,0.31807895611032494,-0.542982321087121,0.16965357212048074,-0.06937352497954284,0.35736566348460946,-0.20805026311171934,-0.5228045388410963,-0.6737648167576479,-0.6153890936487884,-0.716437657431188,-0.42781610451085306,-0.27593289180557556,0.05879249956103766,0.3751118835319695,0.10655988081574774,-0.1807550614922237,-0.7070757254717216,-0.1491907515836095,0.026145303952130793,-0.03797997432758569,-0.14774326306113117,0.36060286839887856,-0.11283571048545867,-0.8028655495397581,0.17305347038266095,-0.07095778747888218,0.27396422428701545,0.17876545281502496,0.137466490305735,0.024136161069280123,-0.8020397115133289,-0.4474401574851264,0.001099932866435304,0.4658197578473807,0.09792670627732243,0.03833366736135119,-0.3868456427936917,0.1129790274946808,-0.11311368752040415,-0.056510225118891484,-0.04034278145356849,-0.21363851210096674,0.6628040612370105,-0.5643667013272282,-0.3294448386273961,-0.10436791635850756,0.04148829224201643,0.08875668631225882,0.5978846324097513,0.17038394996707323,0.10186647615309956,-0.08604974419064336,0.389159497191328,0.045176206559472215,-0.3174867903044316,-0.7704867056520829,-0.5556991380754711,-0.557348338612868,0.4023136196197933,0.457291228258628,0.22003199497469425,-0.007350587646934388,0.0596673137389977,-0.3371750019754315,0.06000388346806267,-0.5114957404127571,-0.3033405028129363,0.15169478215654153,0.2724140770181297,0.3803089566394303,0.18375082203084353
piPC10,0.22521266869977044,-0.22878457884692305,0.2058235936498974,-0.10213870391408295,-0.7505067169355504,-0.2532756590082662,0.7103616553673154,-0.004253934910073516,-0.6014673098642404,1.0,-0.12376936837618066,0.14442768251459523,0.09933670647243122,-0.2987746966022173,-0.31357025940882044,0.5750995421381084,-0.14536697894886447,-0.02518017715166927,0.20745042548263837,-0.5433678489473982,0.43747879148820634,0.3107450600273826,-0.028658521369872323,-0.1909419394761295,-0.08796879291932816,0.163694033584143,-0.20704577490994597,0.5607053999864969,0.536875977095606,-0.6664651490718174,0.6741085230002268,-0.20942730073528765,0.05763830700815676,-0.18779493773734984,0.2941164445891218,0.7269683710227695,0.7064133318991168,0.6590869762455601,0.5666902498002379,0.023100342645971116,0.2165560482455806,-0.04724538204224176,-0.3749518337914163,0.15736527822287277,0.32815397519362544,0.7783048156808084,0.2319250138191987,-0.1388617991287414,0.04250730718719308,0.14348577446162947,-0.1599107652214817,0.19064749345243426,0.7487288149191668,0.013870527716934792,0.34045201518882956,-0.2848515873543359,-0.09849512111106723,0.22777781922070667,0.32524664393834996,0.7115445301299707,0.38228180655074323,-0.06405601919180522,-0.1518292452903687,0.016065253256318402,0.17400516486884224,0.09599755677320486,0.2972560941119049,0.02698799242099986,0.04744718505436884,0.08747981302123194,-0.16384335804236896,-0.5391268706179246,0.2840542949738996,0.30370762961033104,-0.14937084384958685,0.06573971828018098,-0.2805849180505773,-0.49410597673369594,0.2672311639969497,0.202172584312784,0.35514725472061853,0.04007535083048571,0.138377507725178,0.5620315247325608,0.7707813535912139,0.6173203217779316,0.5445523057192557,-0.16801800284933557,-0.1483555703680465,-0.05758407992468974,0.3456023592386745,-0.08797787506949213,0.18341190287703243,0.010904707354928923,0.026528626311977003,0.4282684394826648,-0.12490503442236991,-0.1307021800573337,-0.5725063746693494,-0.12552612442756667
AATS0s,0.6180040487368053,-0.5580251128588891,0.6075058706549449,0.8429120839889801,0.34253439856393575,0.19569764216467453,-0.10578462727025043,0.13664099561186183,0.28123479836850124,-0.12376936837618066,1.0,0.056061573080800724,-0.6089749256505403,0.3903737019975941,-0.08875328766490434,0.0607939579695594,-0.2886166589752481,0.06081564934761979,-0.15079770166738152,-0.21897800227581402,0.3444324963085468,0.42366028223191265,0.1757956429658308,0.26121281203396707,-0.14394742633906563,0.5725269263904688,0.19227299342090554,-0.06851254606269454,0.10796456479308408,0.02608635115415006,-0.08985069675422251,0.058907439332253196,0.06081339742775579,-0.04265761291993206,0.051582062447279635,-0.007949573973315536,-0.1364363037537286,-0.24215635727511087,-0.40948711179492053,-0.7731104108539181,-0.35848946617658506,0.020126928962764964,-0.04239143870194965,0.11003579364880144,-0.11228223614379367,-0.15314696593626437,-0.03832123568497746,-0.1629420289499791,0.008471926279700361,-0.1615974420161047,0.6804013278004277,-0.027904001165853648,-0.37298928487463057,0.959493289378817,0.0348226713805003,0.07349408316753836,0.2506658155851565,-0.09399219984311077,0.41172536698977164,-0.4062318402813047,-0.5125486442692838,-0.3386449583017535,0.6815222094997502,0.4217418456141555,-0.031223876169551485,-0.3866156259083594,0.35069511704987427,0.1671954876606398,0.1039425141446395,0.0968445779859807,-0.4970525913794401,0.19644236081241806,-0.42389727389748927,0.2292778465887896,-0.6956319562202029,0.6317096352106795,0.07000952375285825,0.3898571437768236,0.14034590289797663,0.013310890827160386,0.029056422839785892,0.08575677165367722,0.7700967971639551,-0.1422317470197965,-0.24823224766946583,0.08540222518792401,-0.26762349717534445,0.8723303142408984,0.7025202185819678,0.8962888728627131,0.13027424251400005,-0.08058802237263689,-0.06673000597485654,0.46705047139572137,-0.823195014490108,0.2585205172963426,0.5188708415763597,0.8957784808148137,0.17464407549300534,0.8539540725818036
EState_VSA9,0.2831004955289597,-0.25098477823654486,0.34755535017231853,0.19460160365624368,-0.05874973538973287,-0.11467621445547807,0.12646782107114027,-0.0048898715468884395,0.05692661343586682,0.14442768251459523,0.056061573080800724,1.0,-0.3379900504359612,-0.06842249002909709,-0.16765421095536373,0.23647948966695947,-0.22049892323341108,0.07118709405224584,0.02351477829315501,-0.4208148400008695,0.2158259491119065,0.43119421244754685,0.07888573157561286,0.08451855576475092,-0.1335673427387698,-0.010813467719346595,0.023268278993174414,0.19750539668295364,-0.030915349606593864,-0.22779622825499343,0.2127738705777817,-0.05960115135018183,0.11477862366498168,-0.06436374772345495,0.06185291758859803,0.18426659842494694,0.2082847523539337,0.15465608039165898,0.05309823135095482,-0.22371334812767318,0.04018806265883374,-0.052002643928084735,-0.04030809530417854,0.29411102264042327,0.13550568358669277,0.2016598027818635,0.028200183279966463,-0.05729551506323546,0.07473388047189342,0.08673251436301076,0.029469441562605368,0.024290786223082166,0.1469199522442394,0.11056034404739119,0.18138054013141428,-0.017818709802594892,-0.006827686232023034,0.5272480889753667,0.47061404132236134,0.03079258338570822,0.05764897375848689,-0.09140094530316469,0.27759165026416965,0.07739031188922209,0.25135592469913975,-0.39339834720154204,0.5093967561871402,-0.14131729998988038,-0.0021302853674935334,-0.042191247498987026,-0.4973282299141673,-0.062085524128489306,-0.047139591389589994,0.23778332908303743,-0.3692493781013901,0.10493880580318642,-0.16003427552553273,-0.02692369247494164,0.44071513685265784,0.2501102066228995,0.1722872622729288,0.29310199496172473,0.14448532272372205,0.2688802823913818,0.20417192790680547,0.15517989041731473,0.09630645879692269,0.21361401037305658,0.11153988690941584,0.19307499994934685,0.10081467122934056,-0.020234188239577778,0.12450536478993386,0.10527052040189179,-0.45861373321854365,0.1668768570386792,0.09991099842634803,0.1552074867125685,-0.12276975047477617,0.10410915792115089
FNSA3,-0.5705738062753953,0.6188492840676006,-0.6361808262912432,-0.5327513713660906,-0.29581418322015923,-0.07764959020999067,0.016227057013346573,-0.0765724184690829,-0.4768623727788319,0.09933670647243122,-0.6089749256505403,-0.3379900504359612,1.0,-0.1475131634149233,0.19304301296684584,-0.04983148753071424,0.43986346597852366,-0.141934064484942,0.05916266759023403,0.4594106576045062,-0.3099122848891466,-0.5326968307065151,-0.1317715911488798,-0.05800865586106949,0.23343423566280116,-0.3156865065276418,-0.2771723470977558,-0.14108232665431492,0.08112617836149505,0.14095114574107742,-0.08179292166712565,-0.01959212629363907,-0.006211664112851221,0.06261136084644409,-0.08951447791613637,0.030273835818147875,0.03770372077324275,0.09072656966533928,0.3630509017180814,0.7187200309862571,0.05076435190300195,0.06806175591699422,-0.007813115800811022,-0.4897768333306469,-0.016785873975322264,0.07028696363949924,0.00946329849983586,0.22612618069988483,0.018857045241919838,0.02707969567622924,-0.4000534679971149,-0.05492113127458257,0.2984169013223548,-0.6098535512772254,-0.10122817946589587,-0.11394973897277237,-0.11606143801596067,-0.33310216790904257,-0.7190475918572661,0.35753856982150384,0.27254905294461856,0.28885921826381433,-0.5833484707081925,-0.46564995492342687,-0.07197455235151018,0.549474109396333,-0.7326644390966558,0.10300560705658429,-0.022417968668899,-0.06597840670528375,0.8328018413695853,-0.21129139517013457,0.39114773768074607,-0.21581477838830737,0.7977880044565796,-0.4093861691280126,0.23313460520781942,-0.3473499896934886,-0.5540670282350892,-0.18957677479013707,-0.096846906862326,-0.5395425240911131,-0.4822633965423681,-0.05701865762207994,0.1741843371488547,-0.04636098626717508,0.1444410340070362,-0.6770101026737729,-0.6552812959846205,-0.5660612050444437,-0.3305586971999049,0.09782005261893395,0.1805065958789251,-0.3679007737126353,0.7875834218556069,-0.2630228286716115,-0.3930533532031302,-0.5353582711510584,-0.09436386390946602,-0.4581665608608783
BCUTse_1l,0.009595834724117262,0.022650908574977428,0.01182573291902973,0.6262646938308853,0.47598010053304957,0.4036871411394397,-0.4489715561834524,0.20672828924393807,0.4199313601269246,-0.2987746966022173,0.3903737019975941,-0.06842249002909709,-0.1475131634149233,1.0,0.20334365634244791,-0.3497870945477752,0.02108031040040755,-0.010137132117142827,-0.07171917540911285,0.2778405418267117,-0.436674190703958,-0.04990135870003359,0.19908967252122503,0.2612796268932721,0.09453770709438437,-0.002255450073507776,0.11529395165067013,-0.5575062252100841,-0.37659987492029895,0.3819930432465636,-0.4131237353592121,0.13338255532381013,0.2862138644588745,0.11920712676201356,-0.10710859345994288,-0.31898708395570635,-0.5103748850588633,-0.5291999897005846,-0.41123060988511995,0.0047978121934484155,-0.47546075050811626,0.10785878720922974,0.26273419904056716,-0.22390420052733695,-0.25126913600100154,-0.48781204847474513,-0.0871809205752206,0.1757371696855905,-0.21088058956953282,-0.13606122021865608,0.6841157179295115,-0.1100746106929877,-0.4944059676727082,0.2444008913456132,-0.06320334409675903,0.22009160735711714,0.6756146324260472,-0.14774820916065357,-0.16553482229404765,-0.5138841804852331,-0.5607917122238756,0.041497583542121394,0.49476721677531976,0.014851882254856086,-0.032405351283638875,-0.07024312398286951,-0.130098391289743,0.08109723584594343,-0.08607138277790119,0.06294139066241661,0.03684895007862732,0.3104553885295105,-0.2671939472519311,-0.22702623535598562,0.02755886689935574,0.13044485365714492,0.21021053072662998,0.316988705075256,-0.0741970318748793,-0.13260434080136901,-0.07883311416122059,-0.014427870829346157,0.13407498985195598,-0.32098161335812087,-0.49106114619074515,-0.3678945947962158,-0.6483647460450178,0.5571169899729496,0.4820366935115862,0.3864891347045565,-0.19621178947704532,0.11521082516206822,-0.1067505518157111,-0.08031339295837239,-0.020753019607210762,-0.28721594388431443,0.045377725620260205,0.4637590586733809,0.3269466501850115,0.35586932811168925
Mor27m,-0.17401031634620162,0.16190105202173544,-0.15906160404369116,-0.11920764472354198,0.33469391214647587,0.145521769409987,-0.4881623035176437,0.14850318195753673,0.0273030156291715,-0.31357025940882044,-0.08875328766490434,-0.16765421095536373,0.19304301296684584,0.20334365634244791,1.0,-0.2776778801654145,0.5041627513531531,0.012336320339263778,-0.16890394899648795,0.27527961160574616,-0.33027832424116627,-0.221715197029785,-0.1231264534155963,-0.0028819090729645526,0.3516765381274519,-0.1524276330133233,-0.413444837650015,-0.3730654490103693,0.025035960463148644,0.5221223730888902,-0.14519611809535524,0.06920077151282229,-0.01593264493494619,0.047045199680933084,0.013940612197970869,-0.30311685692670326,-0.12803576756098145,-0.34536298877463967,0.16237681651108882,0.48485814869078125,-0.0015332526839523658,-0.024645703926136128,0.44318908473701424,-0.23244006923626923,-0.3318223975747773,-0.17152763519265143,-0.076695463070486,0.04202079137659338,-0.11695262406199686,-0.005939605731662609,0.039105858458457106,0.0641912467561429,-0.07413501457633406,-0.22577369016219107,-0.20985026385029515,0.02808331723132855,0.07695279253263929,-0.2584720915559233,-0.3173028015893838,-0.050568732909801926,-0.1834159158045219,-0.01838919219989871,-0.14619923055849504,0.08953978093977602,-0.1597537001854832,0.22064783095579427,-0.3206561748715596,-0.03461499224639245,-0.009597018521823984,-0.09674843514501925,0.26931650328342327,-0.19937643200384203,0.29451711663378,-0.14445075351678843,0.26581998374939864,-0.12192727233501811,0.3155376012785006,-0.03483125771733891,-0.1796115336664579,-0.6405557996413676,-0.21125238531886723,-0.2725685398475598,-0.2802733601589038,-0.484618965874256,-0.13609923021532205,-0.22146379491291354,-0.2539136090441376,-0.06300894883400866,-0.10204603576762246,-0.15888858421275526,-0.4985448061020569,-0.09581555120515306,0.012392948788236807,-0.03409911198259275,0.4612269277745999,-0.06746363000520059,0.0778758279759932,-0.0651454333134449,0.21868483334440203,-0.028230062079500004
ATS2m,0.47893375851385384,-0.39537844685657675,0.49621405898329174,0.05286450978082685,-0.48407488064263265,-0.21625687219447695,0.4982429650387385,-0.0770602664289522,-0.5342386242897436,0.5750995421381084,0.0607939579695594,0.23647948966695947,-0.04983148753071424,-0.3497870945477752,-0.2776778801654145,1.0,-0.09101890703017737,0.0646323340555557,0.06712559132725475,-0.6462418259588883,0.6806557796289456,0.5982863638261575,-0.10981078329852409,-0.06680971747409278,-0.16677456519300363,0.3394577771731668,-0.2234530836999486,0.5461481414281973,0.6325849834828636,-0.4912687020445828,0.5824762393460986,-0.20383171710251935,-0.042690885308009616,-0.1800018769305165,0.33415743552990657,0.668898333563042,0.7308087231917749,0.5508475068846671,0.4783755619788455,0.008054411590586664,0.18980093008618715,-0.06310247592700327,-0.2352660309661352,0.31960520184438246,0.22965680437458708,0.7359116404943231,0.23872632295137025,0.022622593076541592,0.23668946211584735,0.0817156685403934,-0.15753086102659886,0.24442812039901124,0.6645121777865229,0.1723641697177771,0.3046932357181563,-0.2891645976108516,-0.22206122817392532,0.19112914749720408,0.4758100771881463,0.5212158942249421,0.23605759446110108,-0.10119252414408166,0.12334965160156981,0.11871910350191728,0.09150060754417788,-0.04594688392473256,0.40917322690246766,0.08084005719038688,0.10775362276797049,-0.08993113942375205,-0.3639343000520373,-0.5818031187327294,0.16454466462232856,0.7061511607622767,-0.3996948280734609,0.22620438064322268,-0.26306677250651295,-0.3212790849699218,0.3021633078648522,0.3550492642242326,0.3227652242822369,-0.14974166521012508,0.22044103090636172,0.31122491668947616,0.7483160340554222,0.7340043027073315,0.535493948811015,0.044497797433936066,-0.12725100512745038,0.1973502107310565,0.18488893586878316,0.09602254371089879,0.22237179214759406,0.4256874990319663,-0.04566861406792077,0.7050770224367258,0.3144020515831278,0.14766617630676795,-0.3830021992736287,0.13716856275198422
Mor26,-0.2336713376287057,0.1898753355993522,-0.23502827994314127,-0.34419680960743865,0.07904495848583516,-0.09947906595244864,-0.2899908168948778,0.07453547882959302,-0.23437191445563432,-0.14536697894886447,-0.2886166589752481,-0.22049892323341108,0.43986346597852366,0.02108031040040755,0.5041627513531531,-0.09101890703017737,1.0,-0.10658289611711698,-0.12732763188898596,0.26621372233098634,-0.35402098780201907,-0.2626578545132781,-0.04830155147663842,-0.0448304192542853,0.46849136796264046,-0.2357555945102331,-0.605398619885845,-0.3528085444873792,0.2263813127724172,0.47278859718227306,0.04822498671731744,-0.013296083925258604,0.14087071015595815,-0.07757953788259633,-0.023421216992092826,-0.13880669469330323,0.06299535511440067,-0.18207669871946114,0.45561030062858604,0.5325664617304677,-0.0724303738182877,0.06321235121632114,0.30584362794805187,-0.28323643862631775,-0.2088302929540587,0.02943972970094217,0.004083345662792873,0.05987698788070779,-0.14858481410448418,0.017780200518429632,-0.11878544699383273,0.03591936026129084,0.18482868852883733,-0.375399132859711,-0.17761858890135734,-0.03567754023629759,-0.010673916854312075,-0.06946875627296158,-0.280878615487697,0.22442084903046447,0.02028868947045999,-0.05246078123197129,-0.3502587112846543,0.02248109194617574,-0.17123874087526028,0.14061700388686516,-0.32249770802238675,0.05565531271170984,-0.02348060169583953,-0.08003446595069134,0.4010200192873198,-0.27072596235939,0.5815564039897249,-0.1286004025983096,0.45472450791053826,-0.14939806201518405,0.3615425601803533,-0.1372578618601253,-0.24066146329089708,-0.43874518225397385,-0.1708903734202858,-0.25577800826693253,-0.4015167692652219,-0.32685464606076203,0.09936814523009495,-0.045708048951744115,-0.08602030485263505,-0.27838327685005254,-0.19357890369599917,-0.3840808241353395,-0.5267354389578331,-0.10316531055253857,0.11717817827723401,-0.1753014823415716,0.5337647165375513,-0.12106187063994937,-0.0714577851520461,-0.28823034427811894,0.07515330217267481,-0.17955805535780675
ATSC6se,0.15483516352266663,-0.17176647952488186,0.17579151294524858,0.06402087716062776,0.021109199367689707,0.012722029884047692,-0.006445090445069975,-0.028938718034718616,0.04260040087883492,-0.02518017715166927,0.06081564934761979,0.07118709405224584,-0.141934064484942,-0.010137132117142827,0.012336320339263778,0.0646323340555557,-0.10658289611711698,1.0,-0.028695117409852276,-0.20863184717878705,0.034042667707418116,0.1945124369141437,-0.02569220522078356,0.013199413094368216,-0.0748747755438003,0.10216173999571829,0.0075940566056844775,0.039732590248362704,0.04134718835944259,-0.028896403782326163,0.07118966272848228,0.08127084259676051,-0.014031191656897356,0.0493322754600352,0.09777169022364307,0.012511108913538824,0.05833638903178049,0.027654064345881774,-0.004303813508483449,-0.08141381134187399,0.006474119065243368,-0.2931060266395748,-0.005423006136915594,0.1145208364164716,-0.014901546646827659,0.043295824174162674,-0.007748165619938465,-0.00502835738971445,0.05652185965810117,-0.0491442283423138,0.04647636855610288,0.10814243913802936,0.015160227070662677,0.0634398780752978,0.07809343333091494,0.009551329384355158,-0.025408641851089864,0.05968299556724208,0.13181578963588753,-0.03798936507408243,-0.057675552917113064,-0.006846116273860439,0.09237499532467933,0.008987074106767683,-0.013847016544412874,0.02591617677598874,0.18315139478559506,-0.06531606716353788,-0.0019417682514995993,-0.1126982528350563,-0.22993060096631274,0.01008529214770002,-0.06109547719642578,0.10716219931598442,-0.14703292482444674,0.04615568537073232,-0.04684917995911212,-0.02591495858242791,0.16895107928962497,0.08754697266727704,0.0842982723871387,0.024664102255301888,0.04821480915228118,0.0378262251179575,0.03222085329887335,0.03308053952873982,-0.019953152618568573,0.07405382481423661,0.06711014927785383,0.06181815267541784,0.0649159894285364,0.004794932485651291,0.04387654420789683,0.07161643850089286,-0.12262088618674356,0.12268818893920647,0.08036917909209826,0.05286293122581954,0.026218436817363713,0.06546313517920868
Mor24m,-0.09336345145916114,0.05189046698700174,-0.0825060821520984,-0.00904830831478479,-0.32662668776236436,-0.14787138552437762,0.22230959017337665,-0.062419994780525456,-0.08823205603125964,0.20745042548263837,-0.15079770166738152,0.02351477829315501,0.05916266759023403,-0.07171917540911285,-0.16890394899648795,0.06712559132725475,-0.12732763188898596,-0.028695117409852276,1.0,-0.04367050845979804,0.07723479860812636,0.02265103609831064,0.005067752397972884,-0.12569926763455677,0.17212302507397306,-0.16263910726751452,0.08353033967421565,0.15749673460708913,-0.09154677793623353,-0.25510242215658957,0.11475160116113818,-0.09988980619575788,0.03725033016002164,0.10691086306711697,0.04346763050690901,0.24628114970868956,0.12460653149246184,0.24691803470320048,0.07950105707847861,-0.1275439678094602,-0.020592297592384807,0.0018345711728199035,-0.4768887235579632,0.13873110974523456,0.107516161498687,0.15201375961496766,0.10130150456563043,-0.2461894130923461,-0.036010070267610654,0.04431561654428882,-0.07604511616381879,0.07904253315961265,0.15295854863962693,-0.08274976174645268,0.14725216338657213,-0.08472605978752143,-0.019957292904327288,0.09021819541753245,0.04677316092602513,0.15361817506168782,0.157728509681929,-0.08450997894445172,-0.05359330070181437,-0.03794984169405559,0.0638687210510164,0.12589605989797717,0.055930696626470114,0.007053235969505464,0.1078355438555802,0.06701887818533023,0.03020639945130797,0.01759698094732361,0.0582570850280421,-0.05193038834290819,0.06355936328923902,-0.051687267421731735,-0.12427212239128112,-0.08915588753338284,0.15040191029760422,0.1349250170367437,0.14999277772360112,0.11682023614589547,-0.015432312188593084,0.35468605164609873,0.14459128347724023,0.10435679831577017,0.1947357650827342,-0.07873880251252761,-0.09930564050091592,-0.05158280014587653,0.13767356550197654,-0.14987674821217326,0.09981012870451589,-0.07884406042353682,-0.06843834123046565,-0.02910301929037728,-0.13895343842446425,-0.08643222587161462,-0.1767071297812326,-0.09160673052348203
