,nHAcc,DELS,nHet,P_VSA_v_2,piPC10,T(N..N),SHED_DA,TPSA(NO),ESOL,P_VSA_LogP_5,MATS1p,ATS2m,F03{C-N},MATS6e,ATSC1e,MATS2m,nC,C-001,PW5,piPC06,T(N..O),SpMax1_Bh(m),MDEC-12,SIC5,SpMax4_Bh(m),MATS6v,RBF,O%,Hy,P_VSA_charge_2,SpMin2_Bh(m),P_VSA_s_5,LOGP99,P_VSA_LogP_8,AMW,P_VSA_charge_1,GATS1m,ATS3m,SIC0,GATS2i,minsCl,minssO,MLOGP2,MDEC-13,DLS_cons,LOGPcons,B02{O-O},F02{C-O},GATS2p,BIC2,MDEO-12,AAC,JGI7,P_VSA_i_2,MATS4e,SpMin4_Bh(m),Mi,P_VSA_charge_14,N%,piID,ATSC8i,MATS2p,CATS2D_06_AA,GATS1e,MW,P_VSA_charge_3,JGI2,ATSC1i,LLS_02,SPI,MATS7p,P_VSA_charge_7,Mv,CIC3,MPC05,HVcpx,piPC03,MeanDD,GATS3i,DECC,PHI,MATS6p,C-003,CATS2D_05_AA,ATS6m,nN,B01{C-Cl},NNRS,CATS2D_02_AL,ICR,MATS8m,nHDon,QEDu,GATS3p,B04{C-N},GATS6e,SpMin1_Bh(p),P_VSA_charge_6,minsOH,GATS5i
nHAcc,1.0,0.8800752147229337,0.9148331642284573,0.8682668947216676,0.28488062522558244,0.3683044238401417,0.6467551786775831,0.7996182669039296,0.08815034922202843,0.48970614007275737,-0.016538114282297303,0.458014096529119,0.4815129949602811,-0.01812616378121696,0.6891515642383862,0.1911936138841733,0.1211235941347219,-0.206331675675734,0.24491584901331803,0.29245474606632876,0.5658229230317929,0.06035654489728429,-0.22819371754296383,0.09375699727840932,0.24735665176151064,-0.12751308363781721,0.10705128281852251,0.3908897292555528,0.36237429397703164,0.24414162904816902,-0.037726212514254016,0.17279768849810148,-0.25724423004355146,0.246382893905281,0.07144132617006366,0.41735738333536176,-0.26786768218189383,0.42790100980418655,0.23317849466393362,0.03662105481429842,0.11143662543013488,0.23201339653691755,-0.12076228361866083,0.004726749407439043,0.08855174658574384,-0.26533553794048254,0.4161873244426057,0.4921092430233664,-0.025382161384104138,0.1834264696771418,0.38688188962299497,0.5877840425321248,0.22257905925692245,0.041109035599877795,0.0508347499539746,0.03738864973702823,0.3531275324639162,0.42227700411642605,0.2718421329615947,0.34503790367023157,0.23206218651325553,0.09856011237201438,0.4402036032501237,-0.005691481461690075,0.5183714578947185,0.5341371515780009,0.2999110764078371,0.4276230197766408,0.11918424649307424,0.6128224921149609,0.054507143360504995,0.07927070902689677,0.19004186218672914,-0.06045751898851761,0.3053507670099818,0.25183564417303383,0.352091159784272,0.22669990518066138,0.057226565437344,0.21648411109777915,0.030581891975270937,-0.10766536410909307,-0.11312144747230143,0.4571852492072093,0.3794692727732272,0.5328570782247622,0.1675146350955914,0.15103133675302546,0.343710249398075,0.23510563372425636,-0.07087138568848236,0.4772883975288231,0.34624442511797765,0.025817159172060525,0.422447292651193,0.09814227471804975,0.1743788887172632,-0.17575362624962926,0.14161138171299983,0.06141791287505573
DELS,0.8800752147229337,1.0,0.8420124263419767,0.7795242998734522,0.35750627373357746,0.21558166528659198,0.49674907887044134,0.6541324995424053,-0.1953392620539747,0.5394115722041453,0.12915993828660138,0.5961840886937084,0.32647675283589456,0.0060334619133344996,0.7616906141332672,0.20770808636984084,0.2983570869995398,-0.08178989992846619,0.3436106460488512,0.38204596308056565,0.49512946151720166,0.1051859970911937,-0.08141673163810353,0.16474970655359447,0.40319701582389034,-0.1341459472931727,0.10002057963235117,0.2401914179286724,0.17262031943039263,0.21198870298632203,0.08412466315523774,0.0944879578558961,0.02816387168344611,0.36005904050194265,0.07463047424889492,0.3526374711757566,-0.24918732906999652,0.5842041763188589,0.08137046556503118,0.08136620022981851,0.19424053381002854,0.1835033649172192,0.07926532210258513,0.1051354610501574,0.10668393421321219,0.02642638046379555,0.3675200363106745,0.5481310779645547,0.010888755524059207,0.17326195042744347,0.3518359859386317,0.4882917458014062,0.2681235546048084,0.1749508239969944,0.05150521577081138,0.1499807276307092,0.24918899872801464,0.42343151443294647,0.041067628442865683,0.43760871480919983,0.3398517945562976,0.12757178615049616,0.4848503062262765,-0.08142814419175129,0.6660688357699536,0.45153499025511673,0.4140387576117872,0.592620786305494,-0.02477241177507056,0.7561533646346261,0.027822893016882757,0.1242344987484536,0.22289967045143322,-0.003928447370020522,0.4085700740278377,0.33996299544958863,0.4557534542594156,0.339814961441978,0.16292903436697556,0.28484079157650816,0.112486693353843,-0.11023912512049829,0.030955733097415034,0.5021991392027141,0.4865771714597485,0.2930683747217129,0.25715567248167087,0.1731434845985744,0.4013426470314814,0.3203032957662639,-0.06372920954596539,0.31409717530160614,0.33412649051829235,0.13390594345809465,0.32092851240837983,0.1494148972838632,0.24552371420537558,0.03771490295860542,0.17385165894475293,0.1343194052720933
nHet,0.9148331642284573,0.8420124263419767,1.0,0.7685626743449104,0.2660920991837209,0.3671550737983426,0.5736536253406782,0.7211229683621403,0.01872158568475142,0.46429718403230064,-0.023848204709199784,0.5056068318643141,0.49002625670609123,0.036178005310952985,0.71675448275347,0.1479747386124884,0.008229938250944216,-0.2987179421867932,0.17661175673402207,0.2413699453837731,0.6016326641940218,0.23453932060626284,-0.3253043199727173,-0.030848231355543262,0.1955236063614778,-0.12083346044616029,0.025814365142201104,0.36392764143393563,0.3372003423333258,0.13848641004290496,-0.19388847040390114,0.2399405127272713,-0.1830107130716706,0.42669577924347946,0.2772021470652979,0.2919398499920547,-0.34476498355758295,0.36854245194016455,0.3723983357312271,-0.08584720786943054,0.33868060731936483,0.13699118903836963,-0.1090474486601816,-0.06038557409650934,-0.041301681225387354,-0.21886382312331945,0.3577925733748398,0.36236392974824905,-0.15111260453682737,0.1160429071552687,0.3159762706275094,0.6420944487358645,0.1758981249531108,-0.024212925184189694,0.029711403826970805,-0.10725330191438702,0.2863720650155073,0.3575298330225072,0.29617867740318116,0.29486211148390573,0.17364417722998574,0.13571485946545217,0.4742595511426439,0.06386361115507524,0.5504262076774561,0.5270582783204609,0.23916623908644347,0.34362279714418287,0.007761638842316391,0.545926527764483,0.038137094336237166,0.15748664320699504,0.4268943508092722,-0.10121946794210782,0.2290853824514018,0.14326224898166887,0.266856958097929,0.17120609427789155,-0.0024177189911771635,0.1232123987705403,0.008622446294209055,-0.11413798403450497,-0.16580928224947603,0.4821317172221502,0.31406339917751114,0.549136423595143,0.327429964762882,0.1355935435676954,0.2353748510897189,0.1300303033176992,-0.11382763534826185,0.3841827010567695,0.2778556090460754,-0.012148067170571647,0.4340639122120525,0.017292439883850097,-0.023032431450406704,-0.06510397198735031,0.06106414313324561,-0.01619079491839649
P_VSA_v_2,0.8682668947216676,0.7795242998734522,0.7685626743449104,1.0,0.18334626601783396,0.2914508922159877,0.7682526017230492,0.9097310805281362,0.2354735257507198,0.21030407533490494,0.16182345895450848,0.3178855763234448,0.34500420852111197,-0.0022939579958421255,0.6067834463918697,0.11087987250984373,0.06024856972969542,-0.2122571310378005,0.1874088698125467,0.22523918550688046,0.4986777827104535,0.007580409157946257,-0.26599417130010433,0.12036171644621223,0.18099503131430747,-0.05397993564004146,0.13270700554921516,0.4924948416885554,0.5768507862767137,0.18219891623243506,-0.01871111606771567,0.1285235048958593,-0.3845436137106642,0.2332701573073868,0.010549807733342041,0.721995546526713,-0.22148520037895764,0.34029755083196006,0.2150114594218667,0.2131169380675809,0.016454360570439485,0.05659720985329528,-0.1388769001011926,-0.053965275473451244,0.05643101064194971,-0.38750474241477595,0.3745466555589317,0.5488794252590605,0.16150358106226675,0.21534641773009958,0.29252019074454527,0.530006485137161,0.15344204958998656,-0.07463411589743567,0.04023895906653105,0.012803424655355587,0.2206263849822512,0.21535746241238532,0.2502510462827271,0.2548892785340973,0.13474396830344973,-0.05375073331024925,0.4872141666657179,0.012365971725384282,0.37525515327101866,0.4929114547592912,0.31508754811163187,0.2192243112784216,0.1975366896965779,0.5285736978698501,0.11583420142267253,0.002994862795952914,0.0875040306304344,-0.09382160232568601,0.2355022042202095,0.19034221957712255,0.27244679085477086,0.14538589485450976,0.08381738743875997,0.15793987937914336,0.016424240560393568,-0.01567052598443051,-0.08977727066600456,0.5061044687407662,0.29522165003126283,0.41898047344245726,0.05535925009247093,0.10025367836473624,0.27434067853232297,0.17609729788294468,0.002088551147434366,0.7258489368311767,0.277955774767863,0.056934041404606915,0.3476937562614916,0.12405094405748207,0.19035261610109155,-0.19870146856053206,0.45475571821030464,0.0022364460576571885
piPC10,0.28488062522558244,0.35750627373357746,0.2660920991837209,0.18334626601783396,1.0,0.29045867084681043,0.2677367440512289,0.26339679493116686,-0.5934062510927245,0.2055183060387718,0.1940682777747917,0.5177018334836255,0.421723533347108,-0.08109931291485352,0.03907306699635993,0.12827900235767492,0.7177259945680986,-0.06148585940183599,0.6035655192267415,0.6567735340127723,0.2997901181010553,0.12358400214686414,0.12530150225454698,0.31486114723346625,0.44234748110208066,-0.19117720300411167,-0.04973390669594509,-0.09088092950283977,-0.03163092422244266,0.06763838997732328,0.3348033872929159,0.07879284853249403,0.4311639956107424,0.13078847228417936,-0.046163140290286925,0.08030012995052539,-0.26036578802379806,0.5203309994748393,-0.1948326096775109,-0.08421384200230796,0.11269322341790365,0.1700943441452063,0.44169302687297934,0.16291295194756075,-0.06083857830887466,0.4278206471634601,0.09664246970761843,0.24552459773590135,-0.13138954847851747,-0.02454753099229046,0.10942220730678535,0.15108091806853052,0.46515306049150745,0.6811282187088624,0.05035716476929515,0.41267553722344963,-0.22164818002245965,0.03400705282978548,0.0527925268908958,0.7752960951978369,0.6700752722929847,0.19188294688234217,0.1179297442419744,-0.16825614802422814,0.7149323669575274,0.2178970743732837,0.027026048300617195,0.5007816000853759,-0.14114175894147948,0.4561857620401509,-0.10106710348798131,0.3942873423086342,0.1493253698818571,0.042131987290414195,0.6379645887324273,0.4859322923397756,0.5807289053890705,0.7900788641490298,0.1353761397853723,0.4378374016109513,0.12433536538707426,-0.1834523332763494,0.0990113083737425,0.12144163864214662,0.6610391375852953,0.33063016297795156,0.12190892798029013,0.31058321282351714,0.37117311195602143,0.4600780893151041,-0.09002115181775038,0.13494241512488256,0.3984286435282969,0.09172548245683516,0.36607907220517955,0.21994758817299087,0.3107489151576132,0.42627206763988074,-0.04161269735216996,0.3085801080089169
T(N..N),0.3683044238401417,0.21558166528659198,0.3671550737983426,0.2914508922159877,0.29045867084681043,1.0,0.39461854596770746,0.3928899973685644,-0.10331567614071674,0.10391216244624425,0.06661079643700162,0.20090500086094065,0.6771106904807858,0.0038492557348000452,0.10082999655149918,0.11662624915696496,0.1780012437141186,-0.05333247171285467,0.17943716472562504,0.23667343803789215,0.4180896836057289,0.06621028081333716,-0.05386596193339904,0.087166475891522,0.14264748367346994,-0.025297341708879578,-0.034181779529296304,-0.031543850389735326,0.24621869840843805,-0.01459031992399931,0.07722015437640863,0.11420603258259586,0.021396262947311347,0.13778608090001443,0.00401163778623912,0.1328710166740153,-0.12827225567041872,0.19085320833380587,0.027261976501065585,-0.012482066929464044,0.05267626605892295,-0.01680638707529166,-0.022115492499732794,0.020778425524872687,-0.09337967061926689,-0.0025377715418458645,0.01746023606705038,0.006176442679617795,-0.062329898896331365,0.013415647257661562,-0.03600127734067008,0.21535828978092153,0.13352086653769688,0.1596438175340279,0.017358479391898222,0.10268666020575772,0.0018129701330629859,-0.05241207457044202,0.2744599019543675,0.2982758796564932,0.23913851389995391,0.10464611074251663,0.17867801187706286,-0.022754813724610346,0.30902016922211784,0.15144605575401304,0.03295110915976652,0.2534824124484438,-0.004956581579339506,0.261933295993644,-0.04699308282482598,0.21638880733188864,0.06742583650542668,0.011562096263518798,0.21873642111090735,0.17492126637033395,0.21629559218571126,0.22098275136628118,0.12020887287302459,0.1918478599151826,0.016795010413204903,-0.012208038672701295,-0.04315007018262762,0.21014841198691256,0.22895725966985775,0.6693301271096967,0.053806524613991755,0.14685253114394886,0.1357669245047477,0.1631893312445384,-0.03152894026791932,0.3411879728852085,0.08540909431352064,0.07392569150554743,0.34833604276261787,0.05224625876415481,0.09204053210320999,-0.018640013967168793,-0.07266212990525382,0.08288269868673531
SHED_DA,0.6467551786775831,0.49674907887044134,0.5736536253406782,0.7682526017230492,0.2677367440512289,0.39461854596770746,1.0,0.7670589049094709,0.167509552612685,-0.0059709543397357305,0.20012444747913477,0.2880206431327413,0.4278955981847259,-0.020508465137234335,0.3388632701717672,0.11024280717519108,0.131146646948708,-0.20876021869575043,0.253396770217999,0.29029626604018877,0.4904362839079147,0.0833129238154896,-0.20674463549028008,0.22386566569306732,0.18260259864915399,-0.04537183383854176,0.041262883976338524,0.2786151751712113,0.5637849403914044,0.1295387158406288,0.07023460867751347,0.22138305458448385,-0.32644489786853004,0.04146545083069493,-0.0030472503423871304,0.6589865558727904,-0.2340714926740117,0.29847004797864424,0.15300020213630394,0.14601954193024042,0.00251469508297803,0.06913448590654733,-0.14726052731266345,-0.04224573703204318,0.03533171405290514,-0.3278782116774084,0.2154019801727395,0.4185830942306376,0.09548042521057203,0.22944535698079155,0.18463138303587728,0.474225354203908,0.2192150825817236,0.023180328847616085,0.025189387680809593,0.08030303949454529,-0.0034900620374291873,-0.014133201283024466,0.24685178205278124,0.30737513631531405,0.18819871348728728,-0.001099599354592521,0.25678756227035526,0.0015733304693588074,0.3550077114934015,0.4657160830565689,0.18540843923663178,0.16469773266309468,0.16721075330116042,0.3992882591312149,0.08501911837916647,0.11253369144101015,0.07457843008929635,-0.1755311724959426,0.2951339303195767,0.2195839937643704,0.290098130273855,0.22582071727943231,0.11397453791226249,0.19967577676175735,0.003467508711981321,-0.009385216481071844,-0.0788270887414172,0.2869217565272353,0.2954744468793276,0.4952631667469489,0.01498426404732512,0.21290238284317028,0.19882994031271337,0.20657877256658952,0.009794125269404905,0.7675478094982653,0.297011847457633,0.09638965426900882,0.43322995898093447,0.1354943512642022,0.14152998245670736,-0.13495660639806017,0.4001803928037279,0.0781072466848543
TPSA(NO),0.7996182669039296,0.6541324995424053,0.7211229683621403,0.9097310805281362,0.26339679493116686,0.3928899973685644,0.7670589049094709,1.0,0.2223821132554038,0.021477759372487394,0.16614403935288852,0.3164295286815639,0.48188644753526977,0.0030263441834575532,0.3446493777929593,0.17452665522952068,0.149784502018559,-0.14488485417400593,0.3048094949837959,0.33973844441272644,0.6179621474207941,0.0412952040206191,-0.19922014323990989,0.24448000002320064,0.2430967168050762,-0.07539914274923003,0.18962651190800528,0.5149622319988216,0.5179036207677282,0.2613957492140718,0.10992342101853186,0.182205426374083,-0.3659194033489185,0.2873785172768569,-0.046516877608051226,0.6088686360769482,-0.3118754831782529,0.34665096317451793,0.1774410947050078,0.185060397991774,-0.0352871656882474,0.14757288178482816,-0.1701538051980717,0.02057869980573906,0.09668870249849207,-0.38044613567150165,0.45430773190944723,0.560203923472774,0.1293273520957135,0.22470830448767076,0.3472420873600522,0.5760762530346503,0.22209087570370656,0.04774466498429181,-0.014973925786519085,0.13911907367590703,-0.02254407949748159,0.14663900801353985,0.3559737096243749,0.3503574129967629,0.20200233432319917,0.00428880130978251,0.5347393584684904,-0.1351908974443548,0.41099417518905496,0.5115180594106198,0.220320025742611,0.13553004592517437,0.30708130573099024,0.5324115904075402,0.10279291441160888,0.05875209596503691,0.05804573973354353,-0.10346785324256155,0.3448571232263184,0.27623377985774383,0.3478411952143815,0.23364792993246866,0.13321367543570248,0.22570057663216272,0.04682407515550882,-0.04047321516195714,-0.07886829912142769,0.5549506048545191,0.388703060658835,0.5769119798031728,-0.03457544740806903,0.19064268075745536,0.3713686391590814,0.25028274004233997,-0.03127920893514762,0.6906614779187698,0.392548774922849,0.09205878148904859,0.4736971669996891,0.17357844672233766,0.23563302976584852,-0.18766082682969448,0.3185734166729658,0.11226747287569763
ESOL,0.08815034922202843,-0.1953392620539747,0.01872158568475142,0.2354735257507198,-0.5934062510927245,-0.10331567614071674,0.167509552612685,0.2223821132554038,1.0,-0.28600035058123613,-0.3163226290054935,-0.6322029351224256,-0.17021650971555366,0.030170682354012757,-0.025831164180154628,-0.14716640520464894,-0.7758539977691381,-0.2352160981202238,-0.6041667861313038,-0.6341268870373459,-0.04330919299715982,-0.20648835491420375,-0.4417438787107167,-0.4011699126339534,-0.6398057698904235,0.12356947215763082,0.03395752105312547,0.46480595221794596,0.4778723764396823,0.10939689899404197,-0.4358047187960558,-0.022362833218115205,-0.9312588172949695,-0.23193879971370573,-2.922838135207581e-05,0.27472128466686535,0.1001944499240414,-0.6111010606785571,0.44191934323474574,0.05490962044374303,-0.2246747304992232,-0.09941386368976676,-0.7104150804094232,-0.2996318206902167,0.0838273985194721,-0.940956324896107,0.07294216709507023,0.0008091032601079921,0.11952069117913626,0.13335977875991492,0.049165139240628736,0.12079688282615215,-0.3858898964872593,-0.7128967900772689,-0.03325480171248178,-0.5624400658838303,0.23976958979398727,-0.02110017771278615,0.2302962068302392,-0.6776851038540511,-0.6080573712302774,-0.26350169644691157,-0.00805021501782472,0.17560234442975875,-0.7031488899467784,0.05259834086694918,-0.08154627322176129,-0.6734933948015109,0.39108032294128964,-0.47733668305465676,0.15185884989420087,-0.4201814297013495,-0.16317611933515289,-0.22144249916686115,-0.6369876502590667,-0.5642586015482413,-0.605593948739883,-0.6958860009982148,-0.28772300372507165,-0.5107292381484175,-0.30526930045994416,0.12946469800083485,-0.2676637528229562,-0.004472673112842963,-0.6063131902987061,0.0035932766431727324,-0.2605843814528285,-0.3560071139185547,-0.25845337947038,-0.5203846453261904,0.04275793672733002,0.2995527895634575,-0.2398444185264057,-0.251870839380218,-0.15629318887484342,-0.2340285241734082,-0.34941521545685006,-0.6334847629270176,0.15373268972072443,-0.42943131534853396
P_VSA_LogP_5,0.48970614007275737,0.5394115722041453,0.46429718403230064,0.21030407533490494,0.2055183060387718,0.10391216244624425,-0.0059709543397357305,0.021477759372487394,-0.28600035058123613,1.0,-0.07877391176865596,0.3315207004388356,0.15416499775832487,-0.032872188747751455,0.6006745257147302,0.09129570675030405,0.1014995127971298,-0.14568681243215933,0.10338432842691095,0.1708648775319606,0.09728694838529002,0.030361028829717248,-0.0823056479346796,-0.09734654548733629,0.11716116211171311,-0.15617057428051534,-0.1420284109384057,-0.1168596387412807,-0.10638495542121823,-0.0684146714959105,-0.1633770197791158,0.039618269392042306,0.19969650739506903,0.17495741255138114,0.15958513230991983,-0.12011601823951226,-0.12996352089805838,0.2866485618083445,0.09871451510129675,-0.1832808566551892,0.21360012192457292,0.18155366990652397,0.11592622291527686,0.026345529958607873,-0.08750628308121508,0.1845821988182306,0.0561377912868277,0.07310173879478085,-0.23642913628815476,0.014228141848511589,0.14107307496490804,0.15819346864104,0.0834529049447878,0.18972435179948086,0.020666579567000198,-0.09194929702501553,0.4924004269336778,0.43703447363466075,0.09437206093423454,0.2583833448592665,0.1356604177078664,0.17408484158694795,0.05702723936689365,0.08269213681190829,0.3281827702250176,0.1464645449376424,0.24845550163225877,0.47031983684061474,-0.220819410852003,0.31470496541379234,-0.006353555869739228,0.16922078845435826,0.2984479775914957,0.005827431455799705,0.13496928105635633,0.08482903503008062,0.25502995422133734,0.18158639472541346,-0.029930507210277853,0.067330500053719,-0.07639917828934649,-0.17313654054111927,-0.0734078187518176,0.08307742795326199,0.15037645234094935,0.1453870527302094,0.30775524919663927,0.08262250539483687,0.13255508887632872,0.08527731237610235,-0.0862909897185438,-0.12294378444806887,0.09544229673462676,-0.04171480529975098,0.15766075365313395,-0.019681140102195342,0.059520944652599925,0.06557793400698161,-0.2021312658158047,-0.009949578306581042
MATS1p,-0.016538114282297303,0.12915993828660138,-0.023848204709199784,0.16182345895450848,0.1940682777747917,0.06661079643700162,0.20012444747913477,0.16614403935288852,-0.3163226290054935,-0.07877391176865596,1.0,0.25787212743065213,0.10398783634033834,0.0013610970350340541,0.022486297559378702,-0.058370797886493325,0.3558979670860326,0.04756437451974281,0.37981893643814985,0.36792593237881704,0.09503151512157244,0.14281581519190206,0.10988435455917403,0.41923680552827197,0.3819852139736575,0.08576860804262429,0.009362752511651811,-0.1794457712716192,-0.005522497878565292,-0.05583714436950387,0.41363988166913995,0.023742017323973352,0.23360453981093957,0.11242732580594432,-0.06575596564899075,0.24970329785412038,-0.46354220373524513,0.45992005241351724,-0.3682121699085422,0.40710130632397357,-0.03581705917384344,-0.15646593058734107,0.19958695668051032,0.0834679770730789,0.051720262067120666,0.2510855950444591,-0.12032976788627175,0.14369581015061958,0.3975616602931427,0.18911214392864859,-0.14033278804848281,0.07435218775830515,0.13945742426019497,0.27113261659858556,-0.1002046262480008,0.31797948409049037,-0.34821217454864095,-0.26452947003438987,0.01060998702886553,0.3885245683249325,0.14068231080747984,-0.1937706049677052,0.11343578870713537,-0.4436791124648043,0.28345139889287535,0.06624853614549,0.2770851454373313,0.22241104635426423,-0.015533318521673355,0.22283151345326713,0.0679665166350273,0.1475614777474159,-0.005701529676265581,0.06339976692260382,0.38164038736527855,0.344798996083953,0.4532972165556569,0.3429164903814113,0.4458484817265172,0.19233649977706457,0.07433042126911701,0.12709674587351058,0.10839501368920354,0.12729322170422172,0.23253801550321895,0.07230104348854471,0.06005115141045337,0.31728439713543055,0.1205868003037679,0.23672851062376382,0.07885010419799987,0.24676377411029518,0.175823903557506,0.45171583113128816,0.15731951034869252,0.22593754183168935,0.3641318257742463,0.2592783480300731,0.24460237662420395,0.24895183721697484
ATS2m,0.458014096529119,0.5961840886937084,0.5056068318643141,0.3178855763234448,0.5177018334836255,0.20090500086094065,0.2880206431327413,0.3164295286815639,-0.6322029351224256,0.3315207004388356,0.25787212743065213,1.0,0.3383634470061209,-0.005642348348681414,0.3387224460487729,0.27560256636018526,0.6394997885952631,0.1196004256358236,0.6490650135751374,0.6550226358156701,0.29483743049766353,0.23887697986694814,0.21197971107032665,0.5042500949918185,0.8078980135950232,-0.0751582371008483,0.07017178147766162,-0.11870809977252343,-0.18505585703631128,0.11712951014025741,0.43002594348462764,0.1940445993782231,0.46605308249126837,0.2144273887061744,-0.025342706343042462,0.1221639894240084,-0.25884552477215866,0.8139918583330427,-0.1751333508008153,0.10154058558175505,0.24553344154950787,0.2395757889545847,0.3475216647857684,0.2742390232712112,0.11705080765202598,0.4643729893542467,0.20084256795925473,0.36684735213436115,0.013243120038488232,0.16152075067263316,0.2240045138488357,0.4178844771451689,0.38766519803422866,0.5489031286964715,0.0006196017066063234,0.523175751803885,-0.13041751015014327,0.2117142763346482,-0.11912062047575092,0.747520060560551,0.4842085988026984,0.27516338339561186,0.19008395753686272,-0.10568448513731704,0.8332335552065537,0.2853294988627836,0.3528654101143293,0.6815142714739152,-0.09603487066289502,0.6995839529803232,-0.04892161187494857,0.4011627759177385,0.23891462201281125,0.09947288569740872,0.7026480754148567,0.6330598958834572,0.7313933832532887,0.6648055097646038,0.3939180986928713,0.5122555377237826,0.22107412840806928,-0.07488886840235855,0.1756879571092159,0.2037913139028225,0.6224718294065237,0.2396928861673952,0.2639340762907109,0.42009694171045564,0.4166422816876279,0.5763723048364597,0.0012546300293377023,0.0990759952490775,0.4687431557779838,0.3716753984083079,0.33929937051637216,0.2589810648558103,0.4481621310083235,0.37861876533285505,0.033862973882622105,0.44062849208098537
F03{C-N},0.4815129949602811,0.32647675283589456,0.49002625670609123,0.34500420852111197,0.421723533347108,0.6771106904807858,0.4278955981847259,0.48188644753526977,-0.17021650971555366,0.15416499775832487,0.10398783634033834,0.3383634470061209,1.0,-0.035575814385156126,0.1221542628618015,0.23209047068419567,0.26354603138047195,-0.04295905412306802,0.3766513476018674,0.4375965848877216,0.5264453035561791,0.12847153234992426,-0.04854888777870872,0.1714340338241061,0.269400924266057,-0.05866627754198048,-0.10047231085358602,-0.06350554175166512,0.19033707273503328,0.0650898126174769,0.1435349181599683,0.27933508945321733,0.019348688713962996,0.2615493523430079,-0.006953607263293076,0.0631623793602383,-0.26591053831591976,0.34430860692940013,0.05736173409234973,-0.08720026908739642,0.10609981791159627,-0.060567171906472934,-0.04299504940361386,0.12083396221153116,0.013638024739085496,0.007461322285254518,-0.008296227316499477,-0.04721025797452832,-0.16558011022472222,0.034863446847353305,-0.0630262764240044,0.3950939862499942,0.22067368781685104,0.25921679629368466,-0.04802344182893167,0.20912131051153213,-0.0416558273966838,-0.07134826405699336,0.38500157379828864,0.45572992313362576,0.2590238285799783,0.25576937083360657,0.2538476471835743,-0.10758562807599201,0.4316798134487137,0.23582837834739284,0.10126568762153647,0.3439588452888498,0.11673192347521895,0.36895883811602787,-0.010220288287078577,0.2938772144468852,0.1154826331695613,0.01776641636803726,0.40862853610515154,0.22172254913369072,0.3968560048556916,0.3487781623485143,0.2487386919792009,0.1626074392120036,-0.04355163982793197,-0.039478875754810086,-0.04704886210566469,0.2549391606282788,0.3581082395869299,0.8726779616906885,0.11365876660326948,0.2958618669487435,0.17965656966186372,0.19906393838732803,-0.05760465998398465,0.3197500184049254,0.35208477040866,0.16495291591296143,0.7065710462820736,0.1298809374130684,0.18555714230687315,0.004445253734125407,-0.11880824156460401,0.2018819908253118
MATS6e,-0.01812616378121696,0.0060334619133344996,0.036178005310952985,-0.0022939579958421255,-0.08109931291485352,0.0038492557348000452,-0.020508465137234335,0.0030263441834575532,0.030170682354012757,-0.032872188747751455,0.0013610970350340541,-0.005642348348681414,-0.035575814385156126,1.0,0.08118625896798137,0.05789367177026449,-0.08847656943584882,0.009621701245997752,-0.11884800583163027,-0.020877553606968725,0.05643409694843297,0.04160593885037614,-0.03367787304269336,-0.060079503874092915,-0.0296073536388229,0.480224641375591,-0.10073854469527582,0.027421773971142233,0.022272158220821438,-0.08314757181005479,-0.039176120052197096,-0.034375931529330835,-0.028579760311394604,0.14285446882953026,0.019588618726189062,0.012477139352719095,-0.018377793948851032,-0.010620409028842122,0.043365245452588456,-0.03678457774383383,0.04917096097054285,-0.03184620156982209,-0.053809975520514815,0.02923656904418882,-0.1037631475642072,-0.04920913000158731,-0.07119442829909797,0.02147140986553913,-0.07429999422117675,-0.04395567060834063,-0.009767455373959184,0.024752964751588533,-0.08731120086791398,-0.08308914678923579,-0.11029993826336036,-0.08698575869208183,-0.0032386388864295707,-0.04021976901100733,-0.0010381372255676593,-0.043493106624181536,-0.08467469813002604,0.10378247660259551,0.2099971542201573,0.06464946996016131,-0.04033044859607338,0.001735534965695877,0.08756733786881502,-0.06713990233746107,-0.06406316444470614,-0.019150274260836188,-0.05153694920807629,0.05362931813366124,0.01949318523726075,0.06091516604753882,-0.06799588801991223,-0.11969353956071296,-0.012147519665809103,-0.04042017871435937,0.04535031385736254,-0.11378217760829239,-0.08222275998488845,0.268705425954377,-0.046498578523516076,0.04533649450294611,-0.11615242835287827,-0.012871424096320411,0.05126623991640636,0.02126196494072718,-0.05034023720654063,-0.13365265730327072,-0.007565221147846465,0.004629174833160542,-0.11632572232436417,0.06992159270953682,-0.05970773617048357,-0.698748298025278,-0.014566414927001664,-0.05756472888908898,0.006913747521261802,-0.040425597309622356
ATSC1e,0.6891515642383862,0.7616906141332672,0.71675448275347,0.6067834463918697,0.03907306699635993,0.10082999655149918,0.3388632701717672,0.3446493777929593,-0.025831164180154628,0.6006745257147302,0.022486297559378702,0.3387224460487729,0.1221542628618015,0.08118625896798137,1.0,-0.005996394204749136,-0.1119692976692476,-0.2606130156375879,-0.026102096762757033,0.019085206405479456,0.2604396008012829,0.07904349604142866,-0.2794675746707674,-0.17921859766052345,0.07732800068468491,-0.043497395359598665,-0.06878568627237856,0.18907253072912497,0.26937754213049575,-0.048981554808720205,-0.267905704556941,0.03601473531167044,-0.07851647346069326,0.28318705078819867,0.2155326534320542,0.27472633065087704,-0.10572047928656537,0.27896918198209236,0.27554089721387826,0.048517851205882305,0.28171164146587935,-0.06904434325122762,0.06688607260949282,-0.12072294581806722,-0.1472832861021489,-0.08566214405075893,0.11082359228501422,0.18959508127761054,-0.005605103945742023,0.08025260847592676,0.13532701303226533,0.3630646532980393,-0.00874305478599025,-0.19071484728450086,0.09513908886916231,-0.23381346743120027,0.5219548790787144,0.3347907109772985,0.03152273281747298,0.0783812579985854,-0.015221548878089042,-0.003039584881016301,0.33417163008601763,0.22397276207387076,0.3040317252343749,0.34690948954372613,0.32794051601237,0.394140266457368,-0.2210973442804597,0.3701584419902088,0.06040867152063252,-0.008154265631444882,0.3025395678359931,0.02620569467144325,0.017014987642971498,-0.00789464891073436,0.10930373423492398,0.0031253294769348246,-0.01707658924547134,-0.014690774422270654,-0.02918220367498628,-0.03480382343161629,-0.1107814232924966,0.33170554122441026,0.08088497662308666,0.1322426477146064,0.36800299547940996,-0.03756485565329376,-0.04516451647940364,-0.01192671089202423,-0.010563327829214897,0.26635632117771024,-0.10298181969302832,0.004254173029529563,0.09446248541499008,-0.07770480477864465,-0.017788387929621337,-0.0490365381099289,0.1343728967073842,-0.1727021520259933
MATS2m,0.1911936138841733,0.20770808636984084,0.1479747386124884,0.11087987250984373,0.12827900235767492,0.11662624915696496,0.11024280717519108,0.17452665522952068,-0.14716640520464894,0.09129570675030405,-0.058370797886493325,0.27560256636018526,0.23209047068419567,0.05789367177026449,-0.005996394204749136,1.0,0.20860804160443788,0.39205772451761917,0.2564417353982873,0.29223710386016655,0.18372070945933897,0.03890596601846286,0.1636467419207347,0.16269315615816862,0.2510434186883243,0.049468123988933306,-0.16503863702998703,0.008296801195873088,-0.08119854889210378,0.10385686865782773,0.16463433815230422,0.07874712664105703,0.05747223463706339,0.09330968234313541,-0.027570924475088056,0.0021537875682576145,-0.06605921745948672,0.27037602864345617,-0.09686853944098883,-0.30755982783012176,-0.04543881355981583,0.16258658583474248,-0.06849901533512655,0.48209411186232204,0.1748637910787187,0.049856181112962035,0.18448075309479828,0.24735162812100012,-0.43383520427141775,-0.030247865429717448,0.12997204657012454,0.12507429860608493,0.07336742877943929,0.2283111176421369,-0.21256252084071559,0.21124792626159783,-0.09848484605278804,0.1095441458976992,-0.03432800679233055,0.2633019174456886,0.08491200219119716,0.6732924133946484,0.12885408642164128,-0.14440289647148533,0.21880556278543506,0.14640236676598392,0.3171994374944561,0.1650561664819815,0.12743453700906557,0.33748127842738085,-0.010849079205291193,0.23155385851234633,0.050479808675375513,-0.08614059867156076,0.30233160822917104,0.028558805069247413,0.3136552809302867,0.20000023391438682,0.27747672323922623,0.018431186662248078,-0.20686956557954503,0.030927322954087517,0.16795859744600838,0.16612311555303705,0.15069660260867676,0.17887240696719822,0.0006816944673487255,0.23690883954744205,0.31508869446283666,0.07252745832187724,0.02575854867380252,-0.011937974908884371,0.3027418302344658,0.2625764986787216,0.21188673299471156,-0.0010761675067378481,0.10512909239168292,0.01142743389643999,-0.0463268434025225,0.21178625543648277
nC,0.1211235941347219,0.2983570869995398,0.008229938250944216,0.06024856972969542,0.7177259945680986,0.1780012437141186,0.131146646948708,0.149784502018559,-0.7758539977691381,0.1014995127971298,0.3558979670860326,0.6394997885952631,0.26354603138047195,-0.08847656943584882,-0.1119692976692476,0.20860804160443788,1.0,0.3360153814796595,0.7886211220596632,0.7794328804882283,0.1715706738221734,-0.01247348495300854,0.5609449061444348,0.6699749291046251,0.7890280733056625,-0.14528213114885677,0.20805009939266889,-0.2794962936999243,-0.2850216988794051,0.13803937595952334,0.7379703824787048,-0.0216166315801593,0.6738465508465483,0.03882042750082805,-0.3261625509857066,0.07885112592760912,-0.12054177409522161,0.7572068506297435,-0.5855200640085614,0.16559364527423248,-0.05058234099391301,0.29188464187613733,0.6197608620533188,0.4060243441179126,0.19069407545228792,0.7078621231116807,0.11286292701394739,0.36377465674644416,0.09458689990866172,0.038331304953991,0.17349007023491425,-0.019510947772000232,0.5330263949251747,0.8182533761663573,0.021705938061063815,0.8455467630236628,-0.36632366206938494,0.04499805560773265,-0.17494212382661167,0.8203885231422763,0.8060056196414386,0.22141790898961283,0.08291845434050588,-0.3502491966434879,0.791299204158306,0.072315752453711,0.1428334145925304,0.7261562792797176,-0.12699437633416122,0.6774813836501075,-0.12558702163349192,0.341533586562965,-0.17535841515036563,0.23006592606247647,0.8379026639513839,0.8100513391809416,0.768358231499782,0.8462798186297571,0.3980065211707225,0.734416162496139,0.4263898935204992,-0.13168059924156805,0.3448458672414232,0.09250690623422178,0.8344369702647024,0.12141890582505867,0.012782056499063176,0.39564153906167193,0.5028004548305733,0.760375942738961,0.0016802614004283543,0.007442063636369284,0.4560159983593651,0.3405028822365923,0.27546955712243404,0.4000391301295441,0.6167088252541719,0.48917467668937065,0.03406997640676652,0.6130458258021437
C-001,-0.206331675675734,-0.08178989992846619,-0.2987179421867932,-0.2122571310378005,-0.06148585940183599,-0.05333247171285467,-0.20876021869575043,-0.14488485417400593,-0.2352160981202238,-0.14568681243215933,0.04756437451974281,0.1196004256358236,-0.04295905412306802,0.009621701245997752,-0.2606130156375879,0.39205772451761917,0.3360153814796595,1.0,0.08485322967357156,0.0474678775607613,-0.08650017575413607,-0.13337865656737685,0.7141238611518206,0.19133400965053002,0.31084906319827543,-0.004283545636223745,0.14270600694524044,-0.23623758576305268,-0.33305508364347697,0.1356457003928066,0.4610826237839998,-0.07608582027533832,0.3278251100934995,-0.12084914367798676,-0.30626463949513033,-0.15487086791495375,0.2680865013580855,0.212609371276724,-0.4730399981451211,0.15107996141264976,-0.21830530171132406,0.13589903174642978,0.1648081337010274,0.7291353311663588,0.44897610692641854,0.3275864376858141,0.024875949399253118,0.09333636047650647,0.12487124308174989,0.044819882283745345,0.06805451974362946,-0.2771873449194411,0.0813347877301623,0.16947200048826636,-0.01777567096532576,0.4949753519050064,-0.11615100898157564,0.009177644768004645,-0.20742110169961853,0.013860901892225302,0.24509410487423097,0.19614940101842684,-0.05853614948651243,-0.21167393272990387,0.10447924481377407,-0.2089409800902502,0.2633343360625559,0.2954221452074054,0.049609627743360606,0.368244215590158,-0.19054993820902602,0.034629065731708764,-0.436489705761285,0.26598132944505,0.1390513459553478,0.2141255187768929,0.09533647737710334,0.04627637026350421,0.2995323710122956,0.21229912682435864,0.20372036978263688,-0.012423001075994177,0.5432037124432182,-0.04474308881039313,0.20827676458218475,-0.1329881210188432,-0.18545533711130724,-0.09063308857180746,0.2310513669291141,0.2353731097254666,0.09134149968990822,-0.23095899066637438,0.11568007603928196,0.27413059773453496,-0.06469157352445497,0.047815515240263444,0.28319297003746663,0.033964039974302036,-0.029551061935422528,0.296390327748683
PW5,0.24491584901331803,0.3436106460488512,0.17661175673402207,0.1874088698125467,0.6035655192267415,0.17943716472562504,0.253396770217999,0.3048094949837959,-0.6041667861313038,0.10338432842691095,0.37981893643814985,0.6490650135751374,0.3766513476018674,-0.11884800583163027,-0.026102096762757033,0.2564417353982873,0.7886211220596632,0.08485322967357156,1.0,0.9209136422947134,0.27627156877929093,0.07686664916761045,0.2757909665140666,0.7631917324698212,0.738298356524784,-0.17258345131269665,0.02752403213648509,-0.13924378155091346,-0.16554073478860604,0.13500230118245982,0.5956264401196885,0.056931393313888426,0.4198843353859332,0.17700022129198856,-0.21936059603597427,0.12925887091783012,-0.340512597015359,0.7498374859452991,-0.3760309852052088,0.041205848211999484,0.008713696857049688,0.28246668967302063,0.3611547708763896,0.30290382572648783,0.07093405447887868,0.4463943577012442,0.11161849295299013,0.3762647336907579,-0.054862673039810426,0.08537890754787196,0.17406580520834017,0.1937129276162528,0.4618563430324341,0.7107199679471021,-0.047350517278434576,0.7014410784160525,-0.4043215276810879,0.001765907647380936,-0.01662890081550994,0.8730259418339296,0.46086877255119163,0.3068788216952161,0.2062483761849548,-0.33005073051203077,0.6889740382321324,0.18894922841152204,0.12195431030414819,0.4997894147999277,0.03851818865942557,0.548465096347474,0.05991134400730363,0.33800307583228867,0.029271498430214957,0.02466503572519435,0.9711458220503062,0.6528804976096265,0.8632966159932656,0.8304109003133793,0.36665696937779035,0.5009357155280708,0.12802540676584562,-0.12296009756575714,0.1641008966018041,0.22134812316511288,0.7260436454109648,0.2811571392425374,0.051882330171043455,0.641955942230094,0.4557952824037786,0.5976259664318802,0.05504623457684146,0.11029191300896846,0.5375912862156771,0.30578047087844445,0.41037578004865605,0.4989702401507721,0.5760708832699606,0.40356025266021767,0.0321421825232553,0.6375765246850847
