,TPSA(NO),P_VSA_v_2,nHAcc,DELS,nHet,SHED_DA,ATSC1e,ATSC3e,P_VSA_s_6,AAC,P_VSA_p_2,P_VSA_i_4,P_VSA_ppp_ter,TPSA(Tot),ATSC2e,ATS2m,ATS3m,MAXDN,CATS2D_00_DD,ATSC4e,F03{C-N},CATS2D_00_AA,Me,piPC06,nHDon,SHED_DD,LOGP99,piID,Hy,AMW,Mi,P_VSA_s_5,PW5,SssssC,piPC05,T(N..O),ATS1m,GATS1v,LOGPcons,F04{C-N},GGI6,piPC04,H%,ATS4m,Mp,MLOGP,MW,P_VSA_e_3,piPC03,Xindex,SCBO,IDET,P_VSA_ppp_A,P_VSA_LogP_1,GGI2,B02{F-F},F01{C-F},P_VSA_v_3,piPC02,SpMax3_Bh(e),MDDD,T(N..N),Uindex,F01{C-N},minsF,B03{C-N},P_VSA_LogP_8,CATS2D_02_DA,ATS5m,MPC05,MPC04,ATSC6e,P_VSA_s_4,Pol,ATS6m,GATS2e,S3K,P_VSA_LogP_7,SpMax5_Bh(e),MPC02,SpMax3_Bh(m),T(O..O),minssCH2,P_VSA_e_5,SpMax8_Bh(m),H-050,F06{C-N},SssCH2,P_VSA_charge_8,CIC2,P_VSA_charge_3,mindssC,NsCH3,P_VSA_m_3,ATSC7e,F02{N-O},MDEO-11,P_VSA_ppp_D,X%,CATS2D_06_DA
TPSA(NO),1.0,0.9097310805281362,0.7996182669039295,0.6541324995424053,0.7211229683621404,0.7670589049094709,0.3446493777929593,0.624196465330175,0.7479055158615087,0.5760762530346503,0.9623485848881956,0.34235565481872965,0.6712116070275579,0.9050427514044579,0.5152535788416771,0.3164295286815639,0.34665096317451793,0.3803054246130787,0.692998134441754,0.7524637203730046,0.48188644753526977,0.8824697261543656,0.1421031108063522,0.33973844441272644,0.6906614779187698,0.6322967347252612,-0.3659194033489185,0.3503574129967629,0.5179036207677282,-0.046516877608051226,-0.02254407949748159,0.182205426374083,0.3048094949837959,0.09704183212414855,0.3252343219301921,0.6179621474207941,0.3354444579862635,-0.2829573942978124,-0.38044613567150165,0.5096654430851578,0.3614975565596976,0.32544510200577287,-0.20905322889032266,0.3818327322398625,-0.11612908261219161,-0.3833696898530917,0.41099417518905496,0.4819844235700733,0.3478411952143815,-0.15745798668563094,0.4511660579266744,0.3984428049513316,0.8687812825678713,-0.04015484609594667,0.3899998182846591,-0.19427772405713337,-0.16528452970496552,-0.07944408695023732,0.40798984515582765,0.2444350102659304,0.40112765443206716,0.3928899973685644,0.38568828040380443,0.4462997475631415,-0.14789835641830132,0.45631335305992554,0.2873785172768569,0.5809898635022746,0.4178843685750888,0.3448571232263184,0.3368462514449063,0.6447075367191646,0.04549939616140825,0.41857679758256117,0.388703060658835,-0.25517932969052876,-0.013304647969118151,-0.13316490558275812,0.2513526112975481,0.37282096065106085,0.21604319804235037,0.6900593399492362,-0.3766955140090814,0.7874570168098717,0.3417711282392029,0.6522653083370826,0.3761161124735475,-0.20766523361665165,-0.1684799351956606,-0.16318995989996843,0.5115180594106198,-0.4193395826466375,-0.11155644319660432,0.7212695113601492,0.5543005281411411,0.4315418106346493,0.7250345135157004,0.639431120439713,-0.23884600523003702,0.5041746378062607
P_VSA_v_2,0.9097310805281362,1.0,0.8682668947216677,0.7795242998734525,0.7685626743449103,0.7682526017230492,0.6067834463918697,0.7413278466235336,0.8698855123159042,0.530006485137161,0.9473761264254162,0.41560339831131393,0.8133765978745336,0.8016140858786576,0.6330135214775583,0.3178855763234448,0.34029755083196006,0.5748224628892366,0.7708035831835508,0.7813478995097867,0.34500420852111197,0.787873319065078,0.3342117672344763,0.22523918550688046,0.7258489368311767,0.699112146409978,-0.3845436137106642,0.2548892785340973,0.5768507862767137,0.010549807733342041,0.2206263849822512,0.1285235048958593,0.1874088698125467,-0.19478865574628254,0.20935622451793934,0.4986777827104535,0.2820348977761164,-0.23374005997854963,-0.38750474241477595,0.3826241780255637,0.2978158286213555,0.22992859505218444,-0.3091142868237955,0.345816706560318,-0.16871702285495688,-0.3765526152852423,0.37525515327101866,0.34806774395715023,0.27244679085477086,-0.0370526979045351,0.35364837010482797,0.3320115345935958,0.8936517547600463,-0.15125629539118624,0.4342572026114929,0.08451484681439667,0.14955971552976227,-0.15864178905512966,0.33958651413538904,0.15622706121238564,0.3344130425212216,0.2914508922159877,0.3840303699993634,0.319026852771057,0.11670591563913432,0.319269812270234,0.2332701573073868,0.5234049737079699,0.3156305555743184,0.2355022042202095,0.2611317148121498,0.6014780555527238,-0.07975856184459464,0.38393482478725033,0.29522165003126283,-0.23628796573703942,-0.025085947684870703,-0.21648675161079073,0.16658122216754773,0.3420028033413973,0.15192899760087372,0.6837931926215964,-0.46286647459900493,0.842318227478512,0.28730546349374414,0.6864572360678821,0.2802083207992799,-0.23870039496527676,-0.23534967765938114,-0.16419210492798395,0.4929114547592912,-0.48410127998919283,-0.20803687057825065,0.8896713448872043,0.49317368889689467,0.3281175132047255,0.763195531091414,0.757466847869931,-0.01978602523439645,0.5252067164167314
nHAcc,0.7996182669039295,0.8682668947216677,1.0,0.8800752147229337,0.9148331642284573,0.6467551786775831,0.6891515642383862,0.7682205109702539,0.7724016786499474,0.5877840425321248,0.7456553962982776,0.5797990738670307,0.6701865174298519,0.6999510259222836,0.8182787658195976,0.458014096529119,0.42790100980418655,0.7081128641642204,0.48486853694524845,0.7679410275867229,0.4815129949602811,0.7850292192225747,0.4558762114860043,0.29245474606632876,0.4772883975288231,0.47825666059798905,-0.25724423004355146,0.34503790367023157,0.36237429397703164,0.07144132617006366,0.3531275324639162,0.17279768849810148,0.24491584901331803,-0.3834960325801484,0.26788704524292906,0.5658229230317929,0.4190140484778797,-0.19609703577998155,-0.26533553794048254,0.48542790949023124,0.42533513100065856,0.31329774288531903,-0.43734225459968934,0.43590004880250516,-0.13129525539914486,-0.25796454470307745,0.5183714578947185,0.3845074669836846,0.352091159784272,-0.07724294339314929,0.46160048277089794,0.4505479397541062,0.6755281836801192,-0.08125185615742489,0.5233041456572332,0.286418128530288,0.36291948162613225,0.0009282183496047573,0.43955373450815516,0.18932918242624544,0.43801157919112427,0.3683044238401417,0.4661174183754649,0.4836329811915205,0.3162827307768091,0.4077207495442498,0.246382893905281,0.5172576464364874,0.37482807990930395,0.3053507670099818,0.3546193448952314,0.627574700174999,-0.0051418110390022385,0.4927211042507996,0.3794692727732272,-0.15574014360451466,-0.03302919164111949,-0.1809032503517628,0.20017584092574306,0.4518746801995472,0.22493898194724468,0.6097273203651543,-0.4141011324803201,0.6016145272631767,0.36848342532193296,0.4360343325608056,0.39675866066503507,-0.2336782660235857,-0.22354935539916118,-0.13862258477402978,0.5341371515780009,-0.46913010828285956,-0.13955730566866845,0.7270970203882438,0.5802700822360088,0.4381362277643394,0.553408415955139,0.42072669706829496,0.14284310330058742,0.43335230228835103
DELS,0.6541324995424053,0.7795242998734525,0.8800752147229337,1.0,0.8420124263419767,0.49674907887044134,0.7616906141332672,0.7895790826078608,0.7626710105349831,0.4882917458014062,0.6265399897802985,0.42354353901722047,0.7402883351136123,0.5657008206233427,0.8343979023831719,0.5961840886937084,0.5842041763188589,0.7150470895307162,0.35760607174729825,0.821745762964157,0.32647675283589456,0.6791590253445723,0.3752489865573868,0.38204596308056565,0.31409717530160614,0.3570602363704376,0.02816387168344611,0.43760871480919983,0.17262031943039263,0.07463047424889492,0.24918899872801464,0.0944879578558961,0.3436106460488512,-0.5113480544437476,0.3507840298507066,0.49512946151720166,0.539355797226356,-0.21361601884996784,0.02642638046379555,0.3878717125393516,0.5200814701859314,0.4044357955499507,-0.39647304905574304,0.5859623209209956,-0.0573168953483287,0.03393244908262675,0.6660688357699536,0.15148109621614111,0.4557534542594156,-0.12074089929686782,0.568082871180383,0.5496272511153438,0.6213201872795846,0.0006899550761143275,0.6980359382243877,0.3332037571657696,0.4745801176676038,0.182158020484531,0.5350657414468302,0.30504576289759844,0.5322165914659557,0.21558166528659198,0.5837531316115835,0.27221737517313854,0.37293027960786623,0.26195306937843243,0.36005904050194265,0.324357253434365,0.4904615331139994,0.4085700740278377,0.47213213652794445,0.704508924737807,0.09455829453842604,0.6472635914847841,0.4865771714597485,-0.17314267175440765,-0.005696577136946414,-0.007928165247232355,0.3378823576913661,0.5792764425494051,0.3755542138954607,0.6201745694214758,-0.32261126152477915,0.5976037898268934,0.49720581640845624,0.28094463268209113,0.30779901976975593,-0.14177904932102284,-0.08567553868212385,-0.040067056447868565,0.45153499025511673,-0.39953866444721686,-0.05436152483265704,0.75648406694364,0.6411235619559548,0.2945325430523721,0.5470540465364783,0.33478432572411,0.19529093286880347,0.38994454559862746
nHet,0.7211229683621404,0.7685626743449103,0.9148331642284573,0.8420124263419767,1.0,0.5736536253406782,0.71675448275347,0.7147445932844694,0.8043042563757503,0.6420944487358645,0.6448873379246973,0.568497756400099,0.7169032781763647,0.7281939894296431,0.7977954488060298,0.5056068318643141,0.36854245194016455,0.7233595255616401,0.38751304824285515,0.7158908777041534,0.49002625670609123,0.7216423081445362,0.5598196593430159,0.2413699453837731,0.3841827010567695,0.4004631669004565,-0.1830107130716706,0.29486211148390573,0.3372003423333258,0.2772021470652979,0.2863720650155073,0.2399405127272713,0.17661175673402207,-0.37500475181409076,0.20442219128648567,0.6016326641940218,0.5042799070167127,-0.2880755954017267,-0.21886382312331945,0.507330380866311,0.39103880778820094,0.24337103038913338,-0.5963483452585123,0.35963000968781067,0.11951525702401428,-0.23416100416744917,0.5504262076774561,0.40648864564040094,0.266856958097929,-0.024854555126765338,0.41318034243445423,0.4114961371508616,0.581555679421301,-0.16198689077974635,0.4803489921875228,0.31824816011083257,0.3680245481359595,0.19276864958288245,0.37947726339864796,0.05040161856269551,0.3789654209972442,0.3671550737983426,0.3793537476360599,0.48447900211529515,0.3445860000835649,0.41389309391023055,0.42669577924347946,0.4858858938446377,0.291366772735725,0.2290853824514018,0.2714469204360873,0.6125268172572383,-0.0608867011507201,0.4438159102471878,0.31406339917751114,-0.16937150317306918,-0.051937606963101235,-0.2496816892090304,0.05482260596730433,0.3819012470647108,0.22565069999012224,0.5757584447940787,-0.42767983628583117,0.4997737383960229,0.30066139836040423,0.36038566396762883,0.40589984246246447,-0.2776716645973046,-0.29519420161154464,-0.17580496222375516,0.5270582783204609,-0.4217234598618256,-0.2295086477317744,0.6275030110147284,0.5519250480617409,0.42950792017245654,0.5503798361035429,0.3200452786558075,0.3077247425869574,0.3909840385986777
SHED_DA,0.7670589049094709,0.7682526017230492,0.6467551786775831,0.49674907887044134,0.5736536253406782,1.0,0.3388632701717672,0.5392680616292278,0.6387525784096932,0.474225354203908,0.7913350628508516,0.3830697370752696,0.5667089937068568,0.7250375431781059,0.3790713136353729,0.2880206431327413,0.29847004797864424,0.30899854369128155,0.7793623547676258,0.5904418123921918,0.4278955981847259,0.579054611133641,0.10549604878290254,0.29029626604018877,0.7675478094982653,0.7144806908311244,-0.32644489786853004,0.30737513631531405,0.5637849403914044,-0.0030472503423871304,-0.0034900620374291873,0.22138305458448385,0.253396770217999,0.035439902594313406,0.28305780940830194,0.4904362839079147,0.29680284253500167,-0.29159784529605687,-0.3278782116774084,0.4506315878896572,0.29837437137952627,0.2784633844997426,-0.1650770425091029,0.3020857511798419,-0.042979968683013084,-0.3185213336120307,0.3550077114934015,0.474162228292031,0.290098130273855,-0.18498442811560734,0.3638167710730447,0.3404792019830532,0.6655603682344141,-0.15556627662928896,0.34854941310689014,-0.09307619685030698,-0.0754479938531615,-0.03366461242997053,0.3214003450785731,0.17187432994089544,0.33042781157723905,0.39461854596770746,0.25097630347346306,0.41498353795955933,-0.07324856493695342,0.40643684331507673,0.04146545083069493,0.621956254983268,0.3192770106320724,0.2951339303195767,0.2868326518842671,0.41543320858287996,0.04461638039771837,0.3532194851859331,0.2954744468793276,-0.13818818874700334,-0.06841502599715109,-0.13176784148662354,0.19108918358428814,0.3114177893474712,0.1758388055150225,0.4547106029277431,-0.3242390644268682,0.6093174947785133,0.2920476502801204,0.7500581749069554,0.3630713155733447,-0.18526168614291755,-0.19662450370342083,-0.18975775693215008,0.4657160830565689,-0.3799830170831945,-0.17192152631667637,0.5769692503369797,0.4088834538939318,0.4405606154158391,0.5059552926091709,0.712529827608624,-0.11495027333937208,0.5419916713525627
ATSC1e,0.3446493777929593,0.6067834463918697,0.6891515642383862,0.7616906141332672,0.71675448275347,0.3388632701717672,1.0,0.6969398527163292,0.687510394969868,0.3630646532980393,0.36408249150581007,0.5059262073638154,0.6618202891661791,0.302071745241,0.7869161967749442,0.33872244604877283,0.27896918198209236,0.7498039970755099,0.31019996828400714,0.5413727601040971,0.12215426286180156,0.31661263090176117,0.6048269690484468,0.019085206405479456,0.26635632117771024,0.33813883293893876,-0.07851647346069326,0.0783812579985854,0.26937754213049575,0.2155326534320542,0.5219548790787144,0.03601473531167044,-0.026102096762757033,-0.7219133552315974,-0.009028723127604232,0.2604396008012829,0.24394885732459703,-0.13968330409413474,-0.08566214405075893,0.14446025223249637,0.11973002301260556,0.05696815523946282,-0.5125599654030812,0.22539997280657714,-0.018353675141744887,-0.07106866183110022,0.3040317252343749,0.06896808425743327,0.10930373423492398,0.15111236710626566,0.14066476479753387,0.14220087173630472,0.36780226515291814,-0.2331917263951041,0.41175062864024004,0.6213068855087939,0.7568267482560501,-0.008481827984581757,0.18207924060353284,-0.042218389129100614,0.1314351613600725,0.10082999655149917,0.2772099747695493,0.09664858951530604,0.6193377287755888,0.075087613276564,0.28318705078819867,0.2318111842506631,0.06098350081929961,0.017014987642971498,0.10669455418204328,0.37376061442948577,-0.22091988996336795,0.25245187885120696,0.08088497662308666,-0.008533654968633349,-0.043824419698140105,-0.27687833633636055,-0.04135955420285281,0.23640329675304164,0.08390997300011137,0.4135019476050505,-0.3855140003381532,0.36074007816133735,0.1341322276871853,0.2500950118858892,0.0845944592686567,-0.19117889220107884,-0.26375171675453374,-0.08265020116978997,0.34690948954372613,-0.3324053738121685,-0.2727513902868564,0.6193294157154686,0.27495213705401417,0.10723199276756265,0.4566113917879364,0.3160565400567186,0.4854827716185429,0.2937321469139757
ATSC3e,0.624196465330175,0.7413278466235336,0.7682205109702539,0.7895790826078608,0.7147445932844694,0.5392680616292278,0.6969398527163292,1.0,0.7403244041150712,0.4908280979131177,0.6499635447734795,0.23374502131617267,0.6884262200497596,0.5460006966367245,0.8325088471761464,0.4356165989748496,0.4686728772755458,0.5267706067191122,0.46479722555926023,0.78318811585175,0.15198069157995833,0.6695607554548729,0.2345484162357021,0.20997490431634336,0.38154340772761547,0.4817632711472008,-0.19912840889368194,0.24443718842449094,0.26125738776811724,-0.0006850505419583494,0.16006245891203932,0.04535006122047183,0.22987616909884082,-0.33842644698521945,0.20254690878772985,0.3517277936344053,0.38231738795920156,-0.15785772449933475,-0.188028686452982,0.2066955665531166,0.31762196362264583,0.25563868940799883,-0.20309529490083322,0.45965002314776315,-0.12053257247980086,-0.15497625710795168,0.47782368813617854,0.06396667431150935,0.3007453386747019,-0.04757875895654516,0.34544883932973375,0.3693326360583161,0.6732097298427913,-0.05365207832269211,0.467333484939286,0.18522271998314724,0.2931720012417839,0.02783328568459664,0.353105578554352,0.27630252437710806,0.3873902175203635,0.13487978578391055,0.49449696631636403,0.17675280428434023,0.21550274064127375,0.13043640222890066,0.2424058033129403,0.3104755646945244,0.3836602809910971,0.2800270248747301,0.34270522998926556,0.6123757608027324,-0.09626066642049706,0.4110791606286788,0.3617869092612756,0.00033896254756599076,0.0856623884854156,-0.013890745836521064,0.28578825903505056,0.42195389916939985,0.3044787719857941,0.6677564327993877,-0.355583117993892,0.6684944128092865,0.35951130961103034,0.3538598838191926,0.18473216669620493,-0.12680245071846347,-0.08960119567015201,-0.057914325676335636,0.39567813134358687,-0.3926038384008826,-0.0803501269009479,0.7601683363440327,0.5289240034425927,0.20567525558393387,0.5597744752751255,0.47418313205501345,0.05656889931127277,0.411028183856095
P_VSA_s_6,0.7479055158615087,0.8698855123159042,0.7724016786499474,0.7626710105349831,0.8043042563757503,0.6387525784096932,0.687510394969868,0.7403244041150712,1.0,0.5622151364537915,0.7869969700975662,0.3934158477683094,0.9294341701956594,0.7021651649490103,0.6571546750832775,0.36632822490644246,0.3262362971611598,0.6321985999976134,0.6329369254724719,0.7105639862631693,0.26438504721826533,0.6652299608988032,0.4614157828160061,0.15575058327124816,0.5920694670360542,0.5945480981718774,-0.2676130882089478,0.20220818314272596,0.5021297048497485,0.15194755570934812,0.2173263522788021,0.037074730929576645,0.105163909110615,-0.2687373029224198,0.13178274482786312,0.3987836452488314,0.3244325130192583,-0.3086786802947459,-0.27814576870562213,0.3117486307270788,0.2557370227389693,0.1525981105324841,-0.462247191188457,0.31056755765772753,0.005428120806697654,-0.27459040231053894,0.39982790556056735,0.25654509097430184,0.1998939479506951,0.060156207691327505,0.2937976182469663,0.29187288133784167,0.7632596870667356,-0.26274530995672496,0.41732612390730695,0.20365825822012543,0.2509948889911858,0.08630456348899582,0.2907122744826587,0.044537406989964605,0.2892810458712573,0.2524038665449435,0.33895101835274416,0.22460969142657686,0.2218896984670139,0.22974112729092458,0.39196563984294697,0.39652729086169913,0.24648501674436857,0.14595518476485556,0.17851590041287377,0.5286125061650058,-0.1624894929439035,0.3389979804142776,0.23882921014547903,-0.19606320682059694,-0.013746685202859772,-0.2783425177963787,0.05941676735316093,0.2979638947112408,0.15149179099979876,0.601479227336883,-0.4857581448359313,0.7138238889310747,0.24046904816404555,0.5757684685768384,0.24042718512556963,-0.2682253017370516,-0.3073045649793282,-0.21587557192687012,0.48095437315307493,-0.4452017719042869,-0.3111853134553614,0.7954394194247122,0.4417191651411781,0.1917693370125966,0.675736394086578,0.6542875569043993,0.19631530900740363,0.46200392857348294
AAC,0.5760762530346503,0.530006485137161,0.5877840425321248,0.4882917458014062,0.6420944487358645,0.474225354203908,0.3630646532980393,0.4908280979131177,0.5622151364537915,1.0,0.5122397391033238,0.33749496121028966,0.4542746424534516,0.623802095760492,0.5311766937370431,0.4178844771451689,0.35779450615154845,0.45095857905613507,0.3643149305416471,0.48553881772014656,0.3950939862499942,0.5258654724292519,0.15176383258607842,0.24534489333779544,0.36229689496598544,0.31675095489282523,-0.2841393052632692,0.294478283222192,0.26228026228141715,-0.07880426367062994,-0.008047180249813705,0.1957909181879138,0.1937129276162527,-0.042730294915722604,0.24777144060731443,0.4323877690382273,0.3008381641524688,-0.42797902101874535,-0.29685624667675853,0.3858260739536972,0.194906144759523,0.2837874818519961,-0.24803543671038494,0.26379437396757555,-0.07126439002186488,-0.26863311749599605,0.2894595955545329,0.32651461963554906,0.3334723982356505,0.021370390162559844,0.3037777508251542,0.1786906849751971,0.4336389439257301,-0.16190041267966707,0.29133178014185707,0.10083686784965354,0.06889262414381951,0.20257036596839312,0.3998964974152129,0.1916780280529613,0.1618673479393694,0.2153582897809215,0.12246911087572858,0.4410326564004084,0.15614355431330382,0.4707525237686609,0.30287654310185935,0.472772608638691,0.1724953107883441,0.20674193943384098,0.24231992292054508,0.3612719406308955,0.030265158879059437,0.25418233030296045,0.13363311292044633,-0.03692927727571724,-0.17144343117119593,-0.2873650391344852,0.10238852991296984,0.34417434585323253,0.26388239188926993,0.31759697940834164,-0.3662899361902088,0.37697020419858945,0.10454969022170349,0.34006787515384734,0.2678518734604178,-0.3421891308847482,-0.36674796636381246,-0.37493411941669386,0.5045771000563776,-0.3389411289878883,-0.19666815422049516,0.39152011416080434,0.3264133783872979,0.410479743588278,0.3424034194257006,0.2865629183322227,-0.09407445558854903,0.2553808606419025
P_VSA_p_2,0.9623485848881956,0.9473761264254162,0.7456553962982776,0.6265399897802985,0.6448873379246973,0.7913350628508516,0.36408249150581007,0.6499635447734795,0.7869969700975662,0.5122397391033238,1.0,0.2380018276732969,0.7333309176574195,0.8614714038642142,0.4734283566295809,0.26532444424412355,0.31474208896637335,0.363312134124958,0.8049363046656823,0.7541391395057165,0.35619248984027363,0.8385901767623694,0.1277049195265562,0.2781982797847968,0.7589277883530151,0.7153974521087504,-0.4159911778201737,0.2820907112708452,0.5833485043581207,-0.06502574605348616,-0.013180431201488327,0.13690413392506806,0.25532613509686336,0.09537284012326062,0.26877516354101694,0.5066151684021993,0.26874178698647017,-0.25129976035866847,-0.4155177136488223,0.3907795872654294,0.3008993498901263,0.2651292826406985,-0.15631660134276962,0.34250569641796064,-0.15086227306180114,-0.40709567711769806,0.34898194082030365,0.36562615711336455,0.29182784780378024,-0.11884323220885781,0.3748929911828505,0.34091257929271507,0.9442162212176687,-0.08736221528781192,0.3582731131823332,-0.19452148440231104,-0.16758079694754152,-0.1520910794243163,0.3422356323531725,0.21894041745369078,0.352034202971361,0.2979008678667966,0.35826642157217203,0.33354450908752536,-0.15407099935408222,0.3398663998867644,0.21492761175636035,0.5406911324976076,0.3730782580986209,0.2935235793966597,0.2859531476172639,0.5986853564224106,-0.014877479401899903,0.3662206060359943,0.3355475690246614,-0.25427172343203563,-5.855044137572172e-05,-0.1358128412109339,0.22887716561037025,0.32534059420309486,0.17867697605323818,0.6997533484525933,-0.40361102949730154,0.8902755086530466,0.30530864456787954,0.72130687128525,0.2858121027496072,-0.19842813729890296,-0.17046862960871845,-0.1479982803232531,0.47565800489494214,-0.43884109681815464,-0.14350029435024428,0.8232547442294483,0.5007815180526854,0.34041401406244126,0.7767012889850442,0.7909753716830066,-0.2381960567387138,0.5362408353839604
P_VSA_i_4,0.34235565481872965,0.41560339831131393,0.5797990738670307,0.42354353901722047,0.568497756400099,0.3830697370752696,0.5059262073638154,0.23374502131617267,0.3934158477683094,0.33749496121028966,0.2380018276732969,1.0,0.28211657959977293,0.3193812788004105,0.37809948696138734,0.2018534244468927,0.1578008677066645,0.45872442010400927,0.26726768942694595,0.20987761101185173,0.5855752661318063,0.11362742451469605,0.41326533430970314,0.10737564031774924,0.421586888945763,0.28902940076656114,-0.09523248367528071,0.17252945693141766,0.4069369146379013,0.14113836964436288,0.48430746714155837,0.25687392662329633,0.020704769653492154,-0.5023563504257637,0.09100019803990646,0.36553073394235364,0.14686753710980188,-0.1913193644392929,-0.13351642920806517,0.5749254910437396,0.18874536710439194,0.12429554519974212,-0.41478286959156135,0.12274934591663553,-0.0278813726434626,-0.14723747747997082,0.22015596429777057,0.7469332320290216,0.14667334120219291,-0.009553602392089026,0.20207847107383833,0.1858293260525745,0.015043165848539047,-0.18784206522422878,0.3161575770899163,0.4553509327799485,0.5313740509639205,0.04613502255394175,0.17138182047017753,-0.07027281226508705,0.12637352441744748,0.5271946185792395,0.11081046253930533,0.5598155470510056,0.4535038852089196,0.5557711341257189,0.10882293814300839,0.38690192637800264,0.028194696991634512,0.06313512148698584,0.10756179611760588,0.14333661593965769,-0.031113366387045316,0.23177484428604236,0.06040944009970127,-0.05125058965113999,-0.18916362572937506,-0.3012782514815407,-0.0683471542039324,0.161599898909033,-0.009223820251245261,-0.011256893657690939,-0.21418180659725697,-0.14015722770743322,0.09628449683290834,0.40503481862765844,0.46888484525279844,-0.21747680991999196,-0.26919616023790827,-0.14361242769968663,0.30094935718714433,-0.17893351592944723,-0.2008213226624949,0.051796142339408116,0.14964993781827288,0.34140318850104395,0.009882698770398,0.13873855114172884,0.3303815352247106,0.1619540031538458
P_VSA_ppp_ter,0.6712116070275579,0.8133765978745336,0.6701865174298519,0.7402883351136123,0.7169032781763647,0.5667089937068568,0.6618202891661791,0.6884262200497596,0.9294341701956594,0.4542746424534516,0.7333309176574195,0.28211657959977293,1.0,0.617138553844493,0.6022689931910966,0.37132507329034775,0.316777051495007,0.6102672846527903,0.6145795883366736,0.695460042880332,0.1807874694710037,0.5789760675158397,0.40978883141879735,0.09517729052590036,0.5505798290403134,0.5636358055313065,-0.19537626717740417,0.12377551337912601,0.45489278878164313,0.23824476644010242,0.17703064168850366,0.1563964427471863,0.047611212906387916,-0.26706017433001816,0.06141888873629218,0.3604971799481233,0.3457161807125712,-0.2451180849709889,-0.20742109513485954,0.25021759056956655,0.23764855052893633,0.07962159914569222,-0.38953280279563235,0.30317513018227943,0.07558527312812897,-0.2034170044123275,0.40800134397605103,0.20473647572730688,0.13400741796565688,0.12132248375854024,0.2294112721718892,0.25093102367326064,0.730557493613241,-0.08399199610558548,0.4580806561625747,0.19227911262503436,0.24670653503504503,0.07086312591010553,0.23560233216467694,0.04548539286564928,0.2597148432322081,0.1474621270591021,0.35158243608239276,0.1287489898382089,0.21016106748589333,0.15424697182053132,0.3975228053761758,0.35583635016437476,0.23242335178657367,0.09875095566261125,0.1317776324850723,0.5207132514397868,-0.1719540087111517,0.32793890850155116,0.2192025928173342,-0.26833498415068485,0.03132014147788864,-0.1659575654003173,0.07351661107320026,0.27589525336641585,0.18865619210359086,0.5765749526231946,-0.41806166992221083,0.7182623762032625,0.2432172717584743,0.5331182222426852,0.17728644946778452,-0.23801944271590486,-0.1549218131968269,-0.1684899355080957,0.41608848763819756,-0.38879431437038636,-0.12377062147500885,0.7970092546458943,0.4244918747228884,0.1738249567145636,0.6838978956611904,0.6462341806726005,0.24161455378774568,0.4331065813704273
TPSA(Tot),0.9050427514044579,0.8016140858786576,0.6999510259222836,0.5657008206233427,0.7281939894296431,0.7250375431781059,0.302071745241,0.5460006966367245,0.7021651649490103,0.623802095760492,0.8614714038642142,0.3193812788004105,0.617138553844493,1.0,0.4457151759030593,0.3195348371614285,0.31039269858683016,0.3129847247176792,0.6294338172089234,0.6750896101079294,0.47195909986762696,0.7881708674406097,0.11832105923829206,0.27299039628184185,0.6317366730001744,0.6008767775335906,-0.34468224645130574,0.28980387000159635,0.5174205277850762,-0.0021807058707265154,-0.10673408388931502,0.18508810605340142,0.2381885032691489,0.11528672705954149,0.25783853775173804,0.6079142631466735,0.37010771256770225,-0.3394669499911761,-0.37473559505591253,0.49809753876805346,0.32337984797625763,0.25618742126523325,-0.21363268406467859,0.31036547541245973,-0.007183804824142203,-0.3919594061795891,0.386859146704384,0.4716312964277725,0.27158089527844215,-0.11185087346208526,0.38467189697372295,0.3468964966673686,0.7674906448470686,-0.09323899939641311,0.3158466546423089,-0.2173144686790213,-0.18572930946078078,0.04251591086664232,0.3304360254524742,0.17816018118536633,0.3390974486725111,0.3811161088389158,0.30645595732726477,0.43918068653612446,-0.17223019483364904,0.4428826548978099,0.2877572972566969,0.5690485506384297,0.33827841742594444,0.2733781751639668,0.2621425628974777,0.5914495845413719,-0.011475845019006304,0.34700904889267564,0.31970207004204565,-0.18784850607464126,-0.008731028272611602,-0.1322809254001271,0.15881752686189296,0.2949091594575752,0.21137242910401396,0.6440503700909314,-0.312649117644487,0.6833753485322205,0.2695727737651255,0.6310601415679521,0.361711986178217,-0.21067092055779799,-0.20296825501924348,-0.17127105993411412,0.5003772845635209,-0.3974060866406961,-0.15653984643558316,0.6104683608512191,0.5021715928573364,0.42243653555786004,0.6849937972574219,0.5729180378773467,-0.23940981413834958,0.4856845636813768
ATSC2e,0.5152535788416771,0.6330135214775583,0.8182787658195976,0.8343979023831719,0.7977954488060298,0.3790713136353729,0.7869161967749442,0.8325088471761464,0.6571546750832775,0.5311766937370431,0.4734283566295809,0.37809948696138734,0.6022689931910966,0.4457151759030593,1.0,0.45848145066138835,0.4590093306686799,0.6743453790197825,0.23603930927397043,0.742604614119494,0.2527176555663027,0.6098983311474013,0.3661886265838651,0.18253405083267862,0.19704198945758164,0.26495081932587294,-0.08446790895548076,0.22724853374926265,0.13749204006545643,0.060422799730276554,0.3225762362805599,0.05374113401981684,0.18108169404768898,-0.4969334352845704,0.15877354712823571,0.4183540635656216,0.4012182840143197,-0.11133914340154004,-0.06768382279791045,0.26575163890239745,0.3437605563048457,0.2239027876675061,-0.3046641344286357,0.4480417020074987,-0.1100364478206276,-0.030853747852829124,0.49952787393939563,0.08363501163700537,0.27596142387597755,-0.0022831736238782593,0.3397896094643046,0.3603694513000143,0.47833909558569915,-0.0019631471763641457,0.4758231304701965,0.4099626320794928,0.5079830488809552,0.07921279607656705,0.3389708973818298,0.224857049113942,0.38192049992811183,0.14649182821047546,0.5077427728360926,0.2557397232066014,0.42248236646675064,0.18721783049183177,0.29555687416621856,0.3092803842766989,0.34868897999434434,0.22623702455154177,0.30620425010400476,0.6182896804444318,-0.09309589737373672,0.41897458291730005,0.35616479560499503,0.01829131649262598,0.09207242770103581,-0.036193366128037176,0.22947555621164725,0.4077612415715546,0.2851524920170921,0.5549017983628128,-0.34079568406267335,0.46504187679758796,0.3513690482332935,0.1689817737638757,0.22787919437618093,-0.11694589202147752,-0.1027648644304215,-0.051134737372145155,0.4493734268197469,-0.3879912336160971,-0.051958611507278825,0.6325843734616466,0.5659445697089656,0.25855471180323053,0.42791803346639584,0.21212156975467925,0.21729514491297444,0.3060724709739238
ATS2m,0.3164295286815639,0.3178855763234448,0.458014096529119,0.5961840886937084,0.5056068318643141,0.2880206431327413,0.33872244604877283,0.4356165989748496,0.36632822490644246,0.4178844771451689,0.26532444424412355,0.2018534244468927,0.37132507329034775,0.3195348371614285,0.45848145066138835,1.0,0.8139918583330427,0.406729925150701,0.13121867868138742,0.49412377703703597,0.3383634470061209,0.37558365573182195,0.037583696027949066,0.6550226358156701,0.0990759952490775,0.1397137382605602,0.46605308249126837,0.747520060560551,-0.18505585703631128,-0.025342706343042462,-0.13041751015014327,0.1940445993782231,0.6490650135751374,-0.1848403944508457,0.6470143487097546,0.29483743049766353,0.8896992055187347,-0.2876264554762872,0.4643729893542467,0.36364050466277836,0.5205349723734307,0.6963016860807539,-0.23497729032813777,0.7666912220496853,0.09243680445064148,0.4593974952195426,0.8332335552065537,0.15979641983277548,0.7313933832532887,-0.2388563276342516,0.749191612707933,0.6041362732133928,0.25138013546769455,0.16723764918042508,0.6756098635609867,0.12633297785544947,0.17637124722570957,0.5984781523687648,0.8588987568031239,0.6503634023656151,0.6235875594606147,0.20090500086094068,0.601480021491606,0.2992513842274944,0.14839630161269354,0.2881184092970114,0.2144273887061744,0.21032441077215192,0.6678446898699099,0.7026480754148567,0.7555819139371985,0.423855350012237,0.40286429597230483,0.7331445349539907,0.6224718294065237,-0.058484163503402777,0.06966545234567136,0.3679753436969309,0.6501629174966518,0.9146823831342946,0.8498828433231872,0.2685625241864783,0.005640311479553148,0.2264346828674048,0.6830454737936443,0.04932557506317377,0.318600518732012,0.10804062040404482,0.17924447110349623,0.22455126018693716,0.2853294988627836,-0.11077583005716296,0.1591739092826912,0.28066665301969107,0.45939927500664623,0.2366132199402989,0.1610110534038043,0.09050663204528103,0.06386799449860482,0.1962230073951842
ATS3m,0.34665096317451793,0.34029755083196006,0.42790100980418655,0.5842041763188589,0.36854245194016455,0.29847004797864424,0.27896918198209236,0.4686728772755458,0.3262362971611598,0.35779450615154845,0.31474208896637335,0.1578008677066645,0.316777051495007,0.31039269858683016,0.4590093306686799,0.8139918583330427,1.0,0.20257871083051526,0.17936112086722533,0.5580245839004163,0.34430860692940013,0.39612069402843364,-0.23135203144053235,0.7304108245646591,0.14992254291697565,0.16496518455268872,0.4394006612081786,0.7823226570925512,-0.1584939377525953,-0.27764444124869214,-0.21150635994544212,0.03392128393222831,0.7498374859452993,-0.15673655153393132,0.7343569757857552,0.2836367428401663,0.7391530475001247,-0.323140229106027,0.4778814179696024,0.3647251341048973,0.5232055262835521,0.7909339667369344,0.04979191244038627,0.919186188100928,-0.137686517256751,0.503787353149938,0.7900042974968136,0.08526060911003011,0.8737805167781877,-0.44929920947349783,0.7894067838480275,0.6242205570455394,0.300491185322888,0.26723242269758124,0.7532322160521052,-0.031227827231362023,0.11847055789879196,0.5050185726626218,0.8498622780757005,0.7984012202651193,0.6655510541272898,0.1908532083338059,0.6595304858187314,0.2958897665558057,0.001506488752854419,0.3047352412908525,0.2101252013990874,0.160865494141245,0.7786594159259108,0.7931109764444451,0.8596334673268553,0.4454966854221766,0.48102137838634706,0.8029395287003236,0.6937590694414909,0.07291777126200767,0.04703913590422559,0.47477663557704264,0.8466088913980562,0.9129210453463461,0.7812317870928048,0.2739367467837445,0.08932023631337463,0.2769370487310785,0.7504353348806642,0.11304855134768128,0.3103945448671815,0.16352821771728712,0.2541116017274235,0.2024705928672522,0.2760085049802484,-0.11200568363961723,0.2578483219955733,0.301418758157587,0.47719296390367744,0.226744179435644,0.14812850896136856,0.14823889903096582,-0.23019724254552462,0.19683409517390346
MAXDN,0.3803054246130787,0.5748224628892366,0.7081128641642204,0.7150470895307162,0.7233595255616401,0.30899854369128155,0.7498039970755099,0.5267706067191122,0.6321985999976134,0.45095857905613507,0.363312134124958,0.45872442010400927,0.6102672846527903,0.3129847247176792,0.6743453790197825,0.406729925150701,0.20257871083051526,1.0,0.23768042831794034,0.4197141287143418,0.11158903313872419,0.3528239908938915,0.7145882249410622,-0.013962204140483119,0.21035995552303857,0.21917513603548333,-0.13323223995477532,0.07194141897080604,0.18361387793756362,0.24466061110010048,0.5699161974342172,0.07521486921822125,-0.084651562294731,-0.5444473106299462,-0.05026214770711005,0.25005173676675635,0.3090385761987051,-0.03752385638722046,-0.14935009127005205,0.16506799777632095,0.14248664095400912,-0.0006488822767288652,-0.5952810299846671,0.16386796138293003,-0.02442960144445015,-0.15506472850237543,0.2930248165621354,0.08615099126105534,0.055429418363782706,0.27921449902194134,0.14561691995846993,0.14127549837111822,0.3527195883788425,-0.1892112457353673,0.3513818874563396,0.6563680883279621,0.6201412020102014,-0.013604825838283189,0.24444386819025826,-0.05978185273368693,0.13757729675091246,0.07224652213238555,0.23197317347181115,0.07159140005078271,0.6483186392628836,0.09288016595579357,0.16027471613098132,0.35623377612998636,0.039298545335447375,-0.031080156781749215,0.035045576011630664,0.28077593274194534,-0.18689399470258877,0.20144227092068492,0.0719398329304537,-0.29938943482144337,0.004910458014358162,-0.27969748329526495,-0.08236428992796181,0.2710039790121165,0.0902056065733792,0.25261571570022,-0.3915957187812129,0.3539183655719421,0.10554889112335364,0.1760669086654582,0.12854072225125374,-0.21763376708479,-0.24046323990381369,-0.17343446920363542,0.37952327251224693,-0.3690280798999081,-0.21977778297124756,0.5788194531770903,0.2588844138437581,0.24402757129695712,0.3770128371959356,0.21733886614334363,0.5147477364295369,0.20526864466178246
CATS2D_00_DD,0.692998134441754,0.7708035831835508,0.48486853694524845,0.35760607174729825,0.38751304824285515,0.7793623547676258,0.31019996828400714,0.46479722555926023,0.6329369254724719,0.3643149305416471,0.8049363046656823,0.26726768942694595,0.6145795883366736,0.6294338172089234,0.23603930927397043,0.13121867868138742,0.17936112086722533,0.23768042831794034,1.0,0.5037370556057319,0.22844040709528118,0.4106047904703134,0.0437316545488182,0.13643513031634752,0.9460324477233404,0.8383723007321315,-0.4557400413406405,0.14078237900991836,0.7519554104225126,-0.06432735712982714,0.014942602463879845,0.19450954578758572,0.12174485956185521,0.05698869075540252,0.13658123160563587,0.27100316799991325,0.11972351887501856,-0.21161247754427734,-0.4293019751713934,0.26993446320727194,0.12019130369074969,0.12433194897324304,-0.0328752376989042,0.16554955035253235,-0.12290856564543545,-0.3967115625912433,0.1586612157011744,0.3668531210721211,0.14184190654199902,-0.06708236731328573,0.16366195067722622,0.1563986373840893,0.6843364384863055,-0.24164725208176407,0.22677738905367473,-0.1328370991873347,-0.10769545628706165,-0.2120694064994096,0.15482333562729472,0.11300096105462956,0.15299683450841278,0.21822346166809484,0.13109899087579296,0.2648256386021578,-0.11331908022617146,0.2839734765458416,-0.030574743762840747,0.547625257642493,0.16204450709449403,0.15124576036523307,0.14291109035200658,0.2894041211625696,-0.09325819087906462,0.1910914177233848,0.12320036253023171,-0.11110578373089708,-0.0729430749026204,-0.17425401813346453,0.11016248919868017,0.16918807252496745,0.06834446040771473,0.3823439987358618,-0.3264734216090022,0.6807166916144772,0.15026377143051325,0.9223573195702446,0.2064760348295167,-0.16388464078125758,-0.20970878748195274,-0.13689252201478902,0.369380503440687,-0.33792683377818167,-0.23639841582743945,0.6358975986696669,0.23786837667342414,0.29789247310264516,0.5564293438252584,0.9657667625506768,-0.15926322690354439,0.48131817129201065
ATSC4e,0.7524637203730046,0.7813478995097867,0.7679410275867229,0.821745762964157,0.7158908777041534,0.5904418123921918,0.5413727601040971,0.78318811585175,0.7105639862631693,0.48553881772014656,0.7541391395057165,0.20987761101185173,0.695460042880332,0.6750896101079294,0.742604614119494,0.49412377703703597,0.5580245839004163,0.4197141287143418,0.5037370556057319,1.0,0.3797251126948429,0.7892485336184383,0.09393947255282104,0.39629460629131336,0.4324113360588142,0.4895978821357765,-0.11851760462050942,0.41157843901633107,0.2638109882114443,-0.04668480295795159,0.0008627667316165884,0.10812774187216403,0.4016392421107882,-0.16760842583040028,0.3828943876975977,0.5166780988291817,0.47567130134478774,-0.21255110046203843,-0.09710474898265085,0.39136126943032795,0.45775649187742046,0.41476109043090215,-0.1416765163068755,0.5810240998348887,-0.08980437979922645,-0.07065663321931615,0.5950794212061228,0.17514585372566385,0.45707703362124447,-0.19732118630086695,0.5305688922962026,0.5102684023422003,0.7564958390874448,0.08769392138223937,0.622933911355454,0.0011908491516984534,0.09000824711466093,0.09961212397216831,0.4816131847756169,0.38464279905902543,0.5046437098374169,0.23523783673143692,0.5341601306586244,0.34758328967829816,0.04717586789831826,0.30055120121367956,0.33515869355234174,0.34473853316990977,0.5394974245157148,0.45531535959310027,0.48936740284362956,0.7518942681537812,0.09412512933712493,0.6051752026196562,0.4938728155654045,-0.12016899625685362,-0.02418516031907361,0.08007009121081146,0.41424766369055743,0.5293087889753684,0.3858332152809301,0.6936754749932729,-0.29069699346642514,0.7262035315805299,0.49897925973261775,0.4056387568156513,0.32697328685678567,-0.11507602558540067,-0.015216400601748042,-0.0025847979982922325,0.43588527835193125,-0.3680288669052678,0.03605888438196946,0.7476603213069672,0.6715539046404282,0.3256177477341424,0.6377792868303509,0.49286395963628843,-0.09095124928400729,0.40650190521262447
