,SM1_Dzi,VSA_EState3,MATS1p,SlogP_VSA10,FNSA2,AATSC3dv,TopoPSA_NO_,TASA,Xc_3dv,piPC10,BCUTc_1l,PNSA5,MATS1dv,BCUTse_1l,AATS1i,GATS2s,Mor21m,AATS2d,nC,ATSC2Z,MATS1s,ATS3Z,ATS6dv,Mor18p,ETA_dAlpha_B,AATSC4v,ATSC2c,AATSC2c,RNCG,ATS0s,PEOE_VSA9,ATSC6c,SMR_VSA5,AATSC4d,ATSC8i,ATS1Z,BCUTZ_1l,AATS4se,PEOE_VSA1,MPC8,MATS2Z,BCUTs_1l,BCUTi_1h,ATSC0s,GATS1are,AATS2Z,Mor16v,GATS3p,BIC1,RNCS,AATSC4Z,ATSC5c,EState_VSA6,AATS0Z,ATSC1s,AETA_beta_s,ATSC1i,PNSA4,GATS1Z,WNSA5,ATSC1v,GATS2d,AATSC3d,MATS4i,ATSC7dv,Mor16p,Mor16m,AATS1se,AATSC1i,AATS0dv,Mor21v,AATS1s,BCUTdv_1h,PEOE_VSA2,Mor28,Xp_7d,ABC,AATSC0i,ATS1m,ATSC2dv,AATSC1pe,DPSA1,ATSC8dv,Mor21,NssNH,ATSC5dv,GATS1s,ATSC2v,Xpc_4d,GATS2se,ATS2dv,WNSA1,MATS1are,SsCH3,ATSC1pe,ATSC2pe,WPSA3,ATSC4d,Mor06,AATSC2v
SM1_Dzi,1.0,0.2630378460716551,-0.03876238843282956,0.7570632388273567,-0.8319819770440829,-0.09636793167648508,0.5695668759727807,-0.08029122545653937,0.07621155121920692,0.22521266869977044,-0.1241749245151774,-0.7693945953398688,-0.05758277829425302,0.009595834724117262,0.47010987746293487,-0.12521850917240554,0.05454793378822865,0.39381126930446797,0.027591535358640583,0.23301844475802563,-0.03860832702102075,0.49125746144545945,0.5260281131174803,-0.020372889471526757,0.5513946658621901,0.06411069046934957,0.10724284083519339,0.021184756309532447,-0.45423966932682297,0.892020548451,0.3041035806194306,0.2238746318289116,-0.15428648607782544,0.22805703533997626,-0.1423314060799092,0.3437742077800073,-0.07960451919613744,0.7432447507462184,0.30673253907347686,0.16139836372328503,0.13100496782926074,-0.04218430574896124,0.7157622128749856,0.781914053798233,-0.051604236311460765,0.1100384886763662,0.13165072792876925,-0.025414939681681677,0.2780468254154544,0.22161839038389694,0.061898895264589346,-0.14373604495541248,0.1179936425789235,-0.00749422442285564,-0.5176339540979255,0.5591907377675467,-0.3229006020064428,-0.8126300136547162,-0.22048674928480352,-0.7407394007882391,0.13098978258750082,-0.27466282780073314,-0.0676561985567748,0.08539790433413032,-0.13926295492786844,0.043352426534558466,0.2777636929067301,0.5413872243923854,-0.22585171814169272,0.7059829615899992,0.09620728356618574,0.30592444608485764,0.5041363245984988,0.3441753520754189,0.26590749551902493,0.23047959527637848,0.39918501221497943,0.5180300719444015,0.3410755624371544,0.3681938957400609,-0.18435884457669954,-0.45176057300325023,-0.21257276967790173,0.20345552945340234,0.22265299950638584,-0.1681802070742102,-0.11185089246449782,0.19620930755402538,0.5881266372566918,-0.11740146538454849,0.7617743327475508,0.554721415640091,-0.06875582646904026,-0.2367994643931802,-0.24729346633059526,0.23208570005344584,0.30653594565820763,-0.05943771314517054,-0.07577872758990328,0.15237742797080675
VSA_EState3,0.2630378460716551,1.0,0.34792390449109295,0.0036056128198638463,-0.4776744369439766,0.1216289298888754,0.6144030637886199,-0.2266681419031381,0.015336874546922287,0.07756846928961068,0.08147828557077434,-0.5309624779977706,-0.06551087479748556,-0.0748617538325556,0.09248477224350397,-0.02922951663901033,-0.20704178775642806,0.264828332502005,0.08296910328923704,0.08805854644984577,-0.08625970431858766,0.2290250273491154,0.33397543874531505,-0.05391242331079133,0.2601530787626623,0.01796429862145217,-0.08014025854410628,-0.0812127356496575,-0.1944796886757526,0.35542339088364594,0.3095029323483094,0.2865202153441654,-0.045705832698869235,-0.09547692298810152,-0.030844559723912434,0.12716154525647777,-0.06563983852764449,0.0703206627654067,0.5581392285622062,0.11056968954939005,0.03598263420549275,0.04594950890167169,0.04967380259045209,0.44291710284850944,-0.019295908025663812,-0.05474707224942484,-0.1518022754041836,0.09473528268801894,0.13968922949100446,0.2591918583627302,0.008719876235716824,-0.1188340890528092,0.059006458213100556,-0.06406634260513816,-0.43975005349868357,0.15945970416796157,0.37210594438604233,-0.31738436764209166,-0.11941847722668861,-0.5132872419062251,0.35969298343687583,0.16908817035942916,-0.021222605991037303,-0.05430852691639288,-0.07153782042617453,-0.13986930373152595,-0.15423512632329422,0.10933697919503745,0.22956807308000396,0.08097076228077288,-0.10383485247455058,0.12656756851339038,0.10196177726319647,0.1297601867437037,0.3365608790385327,0.13921124852024735,0.21117216769790373,-0.17285863288688397,0.10940747935576016,0.0966362440668868,-0.023718566089412328,-0.1414399799626826,-0.13454323091835058,0.08416032905403634,0.05009292807341141,-0.0621819963446738,0.03184364398882948,0.023660967015793833,0.24254564768134895,-0.07021767865680596,0.25043904235723774,0.2713021336683117,-0.0455254337067126,-0.14092221408882727,-0.26738893602255304,0.021709269759197368,0.34221000369785787,-0.13573803626191885,-0.1137770132670104,-0.005158929701802943
MATS1p,-0.03876238843282956,0.34792390449109295,1.0,-0.017811360172100936,-0.21677160400656068,0.22630668159631404,0.1821869132353868,0.2518931703755089,-0.04799108584465048,0.21655604824558067,-0.08920124606953689,-0.07305349139646851,0.3849659942624227,-0.4754607505081162,-0.2994307670415689,0.09955220738847016,-0.30991596579651853,0.531487637020397,0.428281423423388,-0.0008494638652771279,0.3062807131261896,0.38924636281720976,0.19235801665940921,-0.38873099697174535,-0.3494777495990012,-0.18048734841744218,-0.04407200295563605,-0.17999090399796028,-0.28846699120753366,0.05543602495264034,0.028349806151937985,0.06975218093624912,0.14900879596737507,-0.13390034502495862,0.046408811930819964,0.2620502116787624,-0.38897090569156545,-0.06212065432272947,0.16889901792241271,0.1679450019306615,-0.05666282303598622,-0.11379265464318047,-0.13322283281860875,0.11453091346069895,-0.30830426753858037,-0.2729094253091851,0.04368281733229149,0.3976657014402805,-0.0319926755032885,0.05655153630220698,-0.183113076050541,-0.04985349692811366,0.186022823426186,-0.2881163439187147,0.05169786465521865,0.2226750725912358,0.555288441111694,0.007521758845495511,-0.4268055713270711,-0.1777110713840369,0.5660144405795573,0.4499975067420786,-0.1142542292143513,-0.22766328301210204,-0.06364442857070697,0.12589584985499336,0.03775625030988472,-0.38090690146288236,0.6363079205216611,-0.2593125012493583,-0.28993575919720527,-0.2132319792435396,0.025681368193433893,0.03671472063763012,-0.019194076653397805,0.23188852274077193,0.39119785072393465,-0.19004052080404615,0.23107648129160144,0.006157661129074663,0.43011209554050545,0.1047939301205659,-0.0015568701705061963,-0.20858096462476655,0.05891038551243283,-0.02907027315711492,-0.12127586526785228,-0.02860485099505135,0.3078420089877,0.08848097191951322,0.1998855773295472,0.2997261545345447,0.47333209445677604,0.08295001158664894,0.05817283151721582,0.02328918068721608,0.27075109327421537,-0.1888427111251906,-0.14931227290410365,-0.13839944635458956
SlogP_VSA10,0.7570632388273567,0.0036056128198638463,-0.017811360172100936,1.0,-0.5417711384234347,-0.04559302492916386,0.13536428891720195,0.0065484911344794415,0.05274203769557917,0.16369403358414306,0.11009770289971499,-0.4008405165153525,-0.12004407219560238,-0.0022554500735077715,0.371841311725374,-0.004343118700250767,0.1070838838542448,0.2407152751755255,-0.026995512360466517,0.11690858232604363,-0.10368156493155124,0.31676544609620855,0.3781536985112366,-0.06209487659579942,0.354989926953761,0.050529412286755435,0.0014571733616285658,-0.04214213479949742,-0.3113862910685828,0.669933569473875,0.0649001920855923,0.11695822603278508,-0.14666390386643352,0.3530125612669408,-0.12482345259769315,0.19478303074127937,-0.021288178401533155,0.6434964887755942,-0.011276795301760288,0.08552188141178278,0.06369078752123597,-0.06598147830370935,0.5916037334160482,0.47366937244970125,0.10962954271885024,0.11466128950668031,0.32828386953263483,0.02495431199054275,0.1057547525542323,0.29458704847301365,0.02200534604362271,-0.12676402009506288,0.08334016644907924,0.04241017402778801,-0.3253959729142004,0.283355050976162,-0.2028223598574257,-0.6050904221237882,-0.043618927417765185,-0.35737948481475496,0.1383988403490918,-0.2201283836336829,-0.03384477070827325,0.11611612601597017,-0.10973429984638994,0.23861507133148657,0.4400541837824479,0.39978739399068286,-0.2968940177262911,0.610185935015627,0.13677727083545077,0.22101436866260887,0.25577032935386695,0.07103534302601179,0.19050792858676704,0.11887885090419391,0.22312515243074627,0.6915756874888592,0.2083378154156755,0.19945380623436818,-0.1858533116879476,-0.4460104331897504,-0.09832621169315724,0.18733874661820574,0.15025226131339903,-0.047882167439266196,0.10637805563497942,0.13343781560752005,0.4600258935492681,-0.03653443004039821,0.5682641863090623,0.3833577694446194,-0.06601344496428536,-0.1837027335561025,-0.11059071713128119,0.06903287378134947,0.03438816175612614,0.05710825260275844,0.008775867337515134,0.10654514252902274
FNSA2,-0.8319819770440829,-0.4776744369439766,-0.21677160400656068,-0.5417711384234347,1.0,0.025880790711926373,-0.6912169749847846,0.08201429600594744,-0.07627456001717513,-0.35754461641759316,0.17127670614927848,0.9135802964966716,0.07255798849239878,0.20595367469059686,-0.19569233087910928,0.13693055392858375,0.1248961267210056,-0.5924015485081173,-0.18906320033579457,-0.19397329276798678,0.051033725703394116,-0.5983778944385024,-0.6038214197007814,0.2026752422661058,-0.391250401423494,-0.018308268168503356,-0.12589309643770324,-0.079903332824018,0.5421778949787751,-0.8572916851385524,-0.33944248992442627,-0.32202375826658464,0.2340843758345567,-0.07762405571672576,0.11985843234756194,-0.4519792476004299,0.10482813971968621,-0.6286579682018901,-0.4570426046268989,-0.2664828410600057,-0.1331841221494942,0.12761141894278827,-0.4483694928287745,-0.8020751152729962,0.0813679015629507,-0.05263960939517299,-0.13244120495602507,-0.024512114078230167,-0.33046109816978936,-0.3101668711066679,-0.03715611126987498,0.15065019067147808,-0.23872984600986957,0.03754927517465499,0.6177739656306174,-0.5532995752551543,0.028382365828557302,0.8957232391978879,0.37501627940183074,0.9061576016438029,-0.38184709467297473,0.20565964199655534,0.08867546927010463,0.04464570403808541,0.18207480716583707,-0.08149440383778175,-0.1775873819093804,-0.3602483095637922,0.03306724476887747,-0.5525156615470078,0.046686419377657704,-0.19520838728710482,-0.41444886306728435,-0.3419440676925403,-0.3805704864941842,-0.354448931036502,-0.5326510343214979,-0.3393629569512116,-0.4362085183335329,-0.3215475973979575,0.1789620336804624,0.5132285099793663,0.20633278745415698,-0.158888196850097,-0.21268224090301963,0.17659613777068747,0.10637400818836834,-0.14739846950452745,-0.6231016968235513,0.1475448376903761,-0.810905382089625,-0.7407809494166888,0.08576472036709311,0.3227625673800423,0.39330098765299704,-0.23807264448302232,-0.49373072858900613,0.15198174935708594,0.20982557685723532,-0.11331835864060012
AATSC3dv,-0.09636793167648508,0.1216289298888754,0.22630668159631404,-0.04559302492916386,0.025880790711926373,1.0,-0.043794924336141676,0.3063401788943211,0.03334584239069052,0.18282925255011365,0.02529194352779959,0.1357763917820112,-0.002859631591846315,-0.2008820968970976,-0.25949500543614157,0.23414505354076465,-0.22749701644090775,0.07219229808500192,0.3284185793009288,-0.08265165823927906,0.22871147554674223,0.21829553974483012,0.14106894003756748,-0.23827010726422462,-0.20656830560024422,0.024223957535318193,-0.256575185418619,-0.5305306428190374,-0.13900370369244403,-0.0288511140993212,0.06531622468806987,0.037645069622893344,0.22351912512301364,-0.11731750320636336,0.0009845348675466472,0.19324816926582025,-0.18412462036004662,-0.15306635770744814,0.08915587932445634,0.1226408379568677,-0.16413140512019192,0.09023785260855888,-0.22026514535413363,-0.04697613845514934,0.05486586932918829,-0.23666861541509,-0.12219631494311137,0.12302988146295521,-0.3535445630753873,0.051954999175758305,-0.13513390254397803,-0.08183691699346182,0.04417269935741064,-0.2365608304784639,0.26685594154268116,-0.13369328368759276,0.10098009041998793,0.1674246573935586,0.20918021623440458,-0.010009582685608661,-0.008610258089408903,0.12418012137778346,0.045171538060022595,0.047665913354616334,-0.11407851810992609,-0.07032254883632269,-0.16608057732402923,-0.3621726911771387,0.2713684357131085,-0.3096569641720336,-0.3000825762241704,-0.2334704394933858,-0.19056995637787488,-0.041832522050543115,-0.16868416151179783,0.17589506556800819,0.22186647627111453,-0.1662504819177431,0.169565133287049,0.007407952898385594,0.3113998743853964,0.2743113174340391,-0.0278912177757216,-0.3208637420287464,0.024908456405051273,-0.21478760282749174,0.01322692944497732,-0.1445897518030929,0.09026772077737022,0.18855882845053543,0.06261936128198237,0.1476130597155873,0.20169830293624252,0.11130211646536652,0.15066341613294768,-0.20852896837344084,0.2162471015619503,-0.09998983990474118,-0.04656972163153862,-0.08733194226070348
TopoPSA_NO_,0.5695668759727807,0.6144030637886199,0.1821869132353868,0.13536428891720195,-0.6912169749847846,-0.043794924336141676,1.0,-0.16462846883769208,0.02564261627524591,0.2672311639969497,-0.2733196571297789,-0.7427072316967952,0.0361433372345123,-0.07419703187487921,0.1925495794563218,-0.29907824406909356,-0.19531579861175313,0.38807277476210694,0.1468000835779217,0.27022095828352627,-0.03793927804868121,0.38510261091506215,0.5267753795523301,-0.13925886651458763,0.3686596835052932,0.026913796316792176,0.33946519687697596,0.201553352929199,-0.3569396329311371,0.5582654999237008,0.4284663848846496,0.33264947475571516,-0.12152414182486114,-0.16834310413444872,-0.14689763565014546,0.35344658808793483,-0.1073267577178848,0.21320573123993738,0.6421465860756429,0.16923835904036702,0.18166704465362063,-0.022105070555731545,0.27422226752994894,0.6710557250791157,-0.20762688470653498,-0.05115120213388409,-0.08981360197685398,-0.005676150717559032,0.32789803495216735,0.04126419705696003,0.05994883870887296,-0.1744255222506337,0.2155860438765193,-0.09277932040998584,-0.5536250876169055,0.44347413128644136,0.11787334321972529,-0.49359479775871345,-0.32027053974784103,-0.7818010711483486,0.2830250951215698,-0.061438745315765785,-0.05110321482222525,-0.05827875987772968,-0.18481368738361093,-0.06221908870275786,-0.13743694275467977,0.22694725990043457,0.1738379115647081,0.22592038394081043,-0.08912812075682337,0.17353249958277533,0.3776083241382639,0.4824190468999217,0.34516635904186166,0.2633553969478097,0.42156471476909485,-0.18955343220855642,0.32173485779853866,0.4280352355635469,-0.04009080804586324,-0.13083784197090567,-0.2372401884384419,0.07356394882190849,0.27500506193027785,-0.22824159267850527,-0.23116264113729,0.12517442196127293,0.3412033709316538,-0.2807753608061313,0.519863742640461,0.4690218757012602,-0.05613813872645768,-0.1720027275818765,-0.2584979608639012,0.4398202162155599,0.6123492911215271,-0.2072151209415549,-0.21688657066205283,0.08854525901617126
TASA,-0.08029122545653937,-0.2266681419031381,0.2518931703755089,0.0065484911344794415,0.08201429600594744,0.3063401788943211,-0.16462846883769208,1.0,0.13612322380440536,0.5253758557272201,-0.30770683447968833,0.33009280226857385,0.41982224614506086,-0.38335457884040125,-0.3919556053498639,-0.018757306690702687,-0.45302421946783605,0.26674519935357394,0.8328225081407444,0.064357419110101,0.3693827217144353,0.5879826852442288,0.32825227567347,-0.6770874693735971,-0.503534044540714,-0.026565841228104025,-0.07601507116939601,-0.13049191517591965,-0.3693190693872776,-0.01494842229132464,0.11961710945424867,-0.044900588527288544,0.6144208105919022,-0.11036318050756946,-0.026113771541407805,0.5953248564267247,-0.12518505501715424,-0.20692662556590957,-0.005573004710945984,0.4133691489746815,0.09612342867323807,-0.19185048239141295,-0.15432472156760618,-0.11828255575157859,-0.18675848235107287,-0.10293504374546779,-0.1261701463845936,0.12068897050566604,-0.5040887958660213,-0.04737474665511404,0.0056011774386910025,-0.018011924256700503,0.16708308240446798,-0.11485195668885312,0.4051856246080739,0.1644195374253113,-0.034651633007463926,0.29315146525786695,0.022380217766650088,-0.012725678641907597,-0.03837960607368583,0.08760934930900083,0.027956856252347125,-0.05721510480289128,-0.21939560915063508,-0.02175762876330489,-0.12673015128060378,-0.45478968156285404,0.2256720081158469,-0.3502133927612068,-0.6806265219806953,-0.348629963884564,-0.01548252428081872,-0.06574325275696363,-0.495194111921373,0.5366871742573138,0.6876794473611807,-0.11095614115884998,0.5048445046736263,0.15907311410916314,0.4185073492064159,0.5715252702026805,-0.07152272476942592,-0.7881005894352788,0.09964416020598976,-0.14955851444611007,-0.1626514702179485,-0.06412714006033483,0.2970391054446728,0.09870495137823099,0.2926446037567803,0.4774142162230582,0.46548076995885995,0.4646250745763689,0.4134704787306608,0.102075296836274,0.48449656804941843,-0.24080953239882616,0.07860945155118237,0.08225944615770946
Xc_3dv,0.07621155121920692,0.015336874546922287,-0.04799108584465048,0.05274203769557917,-0.07627456001717513,0.03334584239069052,0.02564261627524591,0.13612322380440536,1.0,0.13171153984768968,0.020689257879981063,-0.0336318752788232,-0.029378235745046374,-0.1801839265149521,-0.18274228341683404,-0.12382262589388551,0.0608130975666643,0.10183934753144422,0.10480173401202081,0.19831168860983336,-0.16199796683640494,0.2374865699610359,0.12326575246234418,-0.05106753110309526,-0.1574784246052662,-0.004741011307148474,0.04337993758278411,0.022067718939465183,-0.10067399822103917,0.06226268864692834,0.0074397544068178206,0.05745207169522288,0.056341834167126986,-0.026091365079565863,0.07783411630036521,0.437300908190578,0.09641658915157819,0.08990546613218049,-0.039199505285204224,0.173950151512226,0.21940864909081315,-0.28474964305143,0.01635966537875546,0.06656476564961818,0.14889661131911228,0.6983657406133257,-0.05891253382934932,0.4442785657242035,-0.020899151005206052,0.13816721027541912,0.015492331501657738,-0.046595621786957836,0.028406297470570233,0.2555115174941269,-0.04229652447545855,0.12387361745732937,0.017937311887021547,-0.0890068693965036,0.06900501183117166,-0.08138227351597287,0.18010031947119187,-0.056711764979941674,-0.22503866283217727,-0.007663172004399329,-0.08614378106962654,-0.05565002356584667,0.0203304478370967,0.0010805377916590319,-0.027704960552024923,-0.02611124677818009,-0.009286295226925315,-0.12613399217211346,-0.04320298105828754,0.042874358410910404,-0.08109276323085338,0.17981248506814917,0.20535634741945907,0.033250591750917456,0.4502991866512596,0.09369936640206207,-0.10661097970711685,-0.08194851440422983,0.007733048084231645,0.026635568459134864,0.08657523840005635,-0.07502445779102548,0.095409100749091,0.330786462345076,0.31046747446971656,-0.20013153694549507,0.14543157076606683,0.19967597996079955,-0.1483154770149486,0.19267920411482503,-0.03792559748291815,0.11769096390274389,0.01415194357334612,-0.16310356725292072,-0.024216206621223473,0.2676340314078525
piPC10,0.22521266869977044,0.07756846928961068,0.21655604824558067,0.16369403358414306,-0.35754461641759316,0.18282925255011365,0.2672311639969497,0.5253758557272201,0.13171153984768968,1.0,-0.25327565900826626,-0.16384335804236896,0.16345424633625744,-0.2987746966022173,-0.1599107652214817,-0.08629304511251364,-0.4236759321427919,0.5607053999864969,0.7115445301299707,0.1796866782086196,0.125404151424825,0.6951312185259028,0.6046126410277025,-0.7505067169355504,-0.1483555703680465,0.00814261191542484,0.04932570141202717,-0.008407614307730958,-0.42184763159793826,0.25295291391641483,0.22909421128811286,0.09463493760439905,0.06416028836597905,-0.16030721214772056,-0.12000724383800633,0.6534525246204511,-0.07088764038724181,-0.0015932170828164526,0.22777781922070667,0.7386639242781223,0.1327248348282278,-0.09568035790323148,0.06573971828018098,0.17983941404833978,-0.1909419394761295,-0.033446879580063676,0.07532636863721835,0.03558469663375911,-0.05167236861277928,0.06688086525506089,0.0414315290247737,-0.12142803785486188,0.32815397519362544,-0.055383228511608054,-0.02170968765060778,0.34414899343887795,0.05785442498616029,-0.14937084384958685,-0.2763772519911872,-0.3877197781476154,0.35907789383807154,-0.15982152274262654,0.00550079713983781,-0.033828815426580984,-0.27630389697668206,0.1512062441939488,-0.03328733594569426,-0.10213870391408307,0.11982657640132872,0.013870527716934792,-0.49410597673369594,-0.05801397817442767,0.11835789689591587,0.11238171650713195,0.026070603177520003,0.8418152190673255,0.7783048156808084,-0.03795796322996968,0.5939723898408531,0.2941164445891218,0.13099327734157756,0.07949673109811746,-0.10484343490619176,-0.3762320334766752,0.22305528572825833,-0.20942730073528765,-0.1662241188032043,0.1512501791635369,0.512099199122673,-0.04747614426480486,0.6596070448810821,0.6824340288575923,0.17434875509589823,0.015066624849310966,0.11557114769179051,0.19064749345243426,0.6149813587716122,-0.38736784053901674,-0.24623509636404395,0.15537148740416099
BCUTc_1l,-0.1241749245151774,0.08147828557077434,-0.08920124606953689,0.11009770289971499,0.17127670614927848,0.02529194352779959,-0.2733196571297789,-0.30770683447968833,0.020689257879981063,-0.25327565900826626,1.0,0.1495742342658279,-0.6067828650750361,0.4036871411394397,0.26363870369296594,0.2516818465524873,0.23558339375493179,-0.35918666933699783,-0.43279197687969284,-0.28594888732324647,-0.4790789755186678,-0.2981478553331685,-0.2210928736370269,0.31501341229723734,0.020728811937435292,0.11688820856314265,-0.027895514038679646,0.03876456400880292,0.13219093657481004,-0.14276321446247495,-0.3767739696030195,-0.04467999916027924,-0.10398107540942454,0.30127539423575084,0.04187663675291105,-0.26875926751692236,0.26619165531027367,-0.0040869118999506794,-0.3135367592686373,-0.15067219422266498,-0.2738546548614218,-0.015440111698839347,-0.09465791355601443,-0.19835633031053057,0.656292893505014,0.14446599772443955,0.17730756190251373,-0.0006942913806144208,-0.03912419751044825,0.3681581642796439,0.021859754400104875,0.04322684027339897,-0.26830024174589356,0.2240724664299717,-0.14775090026568094,-0.5392598172821909,0.14209058685099965,-0.009339922316723513,0.4120267029788197,0.27794245320934746,0.11680662823270312,0.06613928161209245,0.12803232212847657,0.09803372380907885,0.08621686325727614,0.09621945041617024,0.21192449867333835,0.20574808412749368,-0.16821157431015935,0.02669499579878926,0.31268483665535085,0.0933136785263303,-0.605439980236867,-0.26431051787858967,0.21994891533996483,-0.2520670362158612,-0.44365561342461307,0.20819620840947492,-0.21597258689920426,-0.2992581720525399,-0.32144049629889976,-0.28651786192044426,0.08566993733695655,0.32492833765856644,-0.02781378796469497,0.24166385273133797,0.6571979346440557,-0.15550023973846064,-0.18444602771625487,-0.014636418802907739,-0.3280455338265615,-0.2602674688890632,-0.52491626097681,-0.21054830786853185,-0.2762968677179605,-0.2874357879290924,-0.4169777161088327,0.25396613470987484,0.2753077500846507,-0.22871305217371096
PNSA5,-0.7693945953398688,-0.5309624779977706,-0.07305349139646851,-0.4008405165153525,0.9135802964966716,0.1357763917820112,-0.7427072316967952,0.33009280226857385,-0.0336318752788232,-0.16384335804236896,0.1495742342658279,1.0,0.15790836176089146,0.03684895007862732,-0.28197992347869033,0.12130836724328088,0.021251802191069726,-0.4081719325113385,0.06675042136285828,-0.14358245856227722,0.11298272531224417,-0.3773169746191332,-0.45924806590785827,-0.043308026549626934,-0.5178677882091952,-0.014726182584911882,-0.12654830820071478,-0.10534110884896912,0.43951828941394455,-0.7556123254704404,-0.40132411783725597,-0.316630908775291,0.3557940365261031,-0.062105117871639526,0.12419275515064619,-0.3077058550337131,0.028100446632303922,-0.5980091209408894,-0.5110460425514342,-0.11559249045323619,-0.10083613520447382,0.07223660177479674,-0.4203530271063299,-0.775689835833788,0.0627023918967719,-0.07871031987191995,-0.07573374873215222,0.048496704356094836,-0.4488354796832146,-0.2628388986693225,-0.009882811369199983,0.11928425428075906,-0.14885009856192738,-0.06947333729758626,0.6576797644269455,-0.4882106630357054,0.08681395618516548,0.8715507828541784,0.40053262398588435,0.9069942685234151,-0.2523953438013909,0.239139007336543,0.06316738034860195,0.02331867814943091,0.09733153832006862,-0.000902526167070675,-0.14308122557553624,-0.49797542669381034,0.09045224206481331,-0.5782080639271769,-0.11455680870855516,-0.40355882188714026,-0.40721159228105946,-0.37209563988108,-0.4755495661797592,-0.16780277580249953,-0.29688362018555775,-0.2624590257927413,-0.3396502078753101,-0.25784674217799775,0.26723631026785344,0.5499019820900538,0.20331736882887208,-0.32837018754121844,-0.13940771694062365,0.1127484192237123,0.10258769398394692,-0.13674320652650837,-0.41453263726221107,0.126316817907282,-0.6095558826711512,-0.5447893576138366,0.18814474194291017,0.41324626972092116,0.4558569804010439,-0.2055553813383976,-0.3879404174533866,0.06340688108448457,0.1563572099583247,-0.0828857598975144
MATS1dv,-0.05758277829425302,-0.06551087479748556,0.3849659942624227,-0.12004407219560238,0.07255798849239878,-0.002859631591846315,0.0361433372345123,0.41982224614506086,-0.029378235745046374,0.16345424633625744,-0.6067828650750361,0.15790836176089146,1.0,-0.48366580264167897,-0.3572394610848679,-0.08983852825872353,-0.222983506160178,0.36459671178361625,0.5067490364856516,0.44488144669015994,0.7362498399559387,0.30501934594547875,0.11126867190946681,-0.3138475343123172,-0.23228891058989962,-0.19835121941971104,0.03430430511981955,-0.15595213026537474,-0.10506731183440395,-0.0378532614726076,0.16328136766931622,-0.0007008904139543512,0.36146266193855014,-0.33950239295224743,0.07555872761122649,0.13886975882164151,-0.37645487229306385,-0.17678276946172747,0.10262157201189533,0.1326292202204019,0.39352799818970685,0.1625255184319745,-0.0480545295414349,0.04779094814785727,-0.6847732550311525,-0.3512285283786805,-0.2341042569958312,0.18589844689810578,-0.16260812757498377,-0.3566350511046728,-0.10380076398023996,-0.022762080624392906,0.15688830608524607,-0.4184378197911642,0.46598621222279785,0.32985616755304015,0.019457768653095026,0.3221930472610691,-0.3097057172143048,-0.018337935224955977,-0.1160188249309756,0.42273696343536066,-0.1813090950816508,-0.09415592643071008,-0.05072227571671287,-0.1213973195079089,-0.16531040216542503,-0.5418806128720252,0.4074800086187622,-0.33593050368644917,-0.35184306029845236,-0.30119478758629864,0.35439288801527263,0.20816419732640964,-0.4278831274117786,0.20475536313273332,0.3919062099339467,-0.26671673210276503,0.08915136923713735,0.2419512735826603,0.6311679087618701,0.46421309215883483,0.00595247216108097,-0.42078749465523996,0.03617553808876403,-0.22338424894270598,-0.610789409234576,0.25582137471598554,0.2715913194255358,0.03556905008877999,0.1585362938054913,0.1001186251369879,0.8454785450510875,0.5390077495210417,0.4787072504477035,0.2836194070721215,0.21548421549069383,-0.32131530627320537,-0.19044919648095154,0.2965441730772672
BCUTse_1l,0.009595834724117262,-0.0748617538325556,-0.4754607505081162,-0.0022554500735077715,0.20595367469059686,-0.2008820968970976,-0.07419703187487921,-0.38335457884040125,-0.1801839265149521,-0.2987746966022173,0.4036871411394397,0.03684895007862732,-0.48366580264167897,1.0,0.6841157179295115,0.053063067901716145,0.2548414248482264,-0.5575062252100841,-0.5138841804852331,-0.16496530414031849,-0.3532680763259691,-0.3995323956011644,-0.21871328238151386,0.4759801005330494,0.4820366935115862,0.17299742009747382,-0.01136637985225623,-0.02754271167624904,0.26900588448227863,-0.07660126887100045,-0.14776118491180046,-0.05322512014499698,-0.09807259372126426,0.3750989016957499,-0.03597896704875158,-0.346073781461685,0.22873927954435797,0.08075570883185904,-0.14774820916065357,-0.22445014903062926,-0.2634706510760487,0.36403773470066697,0.13044485365714492,-0.09629202491160914,0.2612796268932721,0.06742919198889037,0.010205932280043899,-0.3651444035079726,0.11641338469443833,-0.03750745959359557,0.060231703303327014,0.05094341684505378,-0.25126913600100154,0.15383116035533018,-0.1041258187403888,-0.4600742286259145,-0.08047912488043941,0.02755886689935574,0.21100420324294583,0.1880534638179409,-0.13153597194863315,-0.21405157027490973,0.24380161664598107,0.21883688994077716,0.0817125447102153,-0.05175482451983521,0.08296695630537132,0.6262646938308855,-0.1625398723530624,0.2444008913456132,0.316988705075256,0.4889998738365718,-0.11727574714202085,-0.07738014124203703,0.12497167511240544,-0.3108981472829873,-0.48781204847474513,-0.02658554610441986,-0.29802685856001265,-0.10710859345994288,-0.3332543873876382,-0.1337711015623775,0.013660165052731347,0.27537111539303216,-0.08765232723048992,0.13338255532381013,0.23988297694866562,-0.12735980646538733,-0.3108581687761121,-0.012529484690439218,-0.32775375105802834,-0.375233859683355,-0.4375228105395797,-0.16945373719388485,-0.09414959385152179,-0.1100746106929877,-0.34261315339352705,0.26891065804074743,0.2506475094117632,-0.2518804620455166
AATS1i,0.47010987746293487,0.09248477224350397,-0.2994307670415689,0.371841311725374,-0.19569233087910928,-0.25949500543614157,0.1925495794563218,-0.3919556053498639,-0.18274228341683404,-0.1599107652214817,0.26363870369296594,-0.28197992347869033,-0.3572394610848679,0.6841157179295115,1.0,0.011597778711553318,0.2813881568634916,-0.1914511516449378,-0.38797047399526213,0.009089693571100505,-0.3160722371048194,-0.15057623678129248,-0.021552300176411472,0.32246243794918705,0.7509816399201443,0.19764218424182592,0.043460338439031576,-0.061283581218869225,0.03607709148065587,0.34490421064903537,-0.05913685422787582,0.026862073336308565,-0.18852118773728216,0.4368809927299282,-0.053767289657478706,-0.30246318431101454,-0.08315881969797541,0.5785735250002934,0.025359097652548998,-0.1251475070748885,-0.14047675827579184,0.40833435913827143,0.5676847968343357,0.22836623676765708,0.19947415442918526,-0.01037730155671415,0.1456805462450232,-0.2264614693388196,0.27588202724283556,0.060140010969465627,0.13757360515945805,-0.01163063154223909,-0.14061105200153942,-0.09464895081903196,-0.3717320529040058,-0.04229858833659286,-0.17162000813123315,-0.34466915213742016,0.0993182145380168,-0.10877906137801978,0.03180489351458099,-0.20112452432066855,0.16772856199183375,0.22487397657339175,0.03955748387529005,0.056675307250848676,0.23009796944255576,0.7339927229112205,-0.23958447171225492,0.62977600182008,0.3565489801232247,0.6705653636053583,0.25179447395852006,0.041488757881077525,0.22011252254721653,-0.1676424144809047,-0.2299212385803117,0.25274470733869725,-0.2836700013096229,0.022871367344245462,-0.35817507746055977,-0.3140783589335718,-0.021064834859564535,0.36439132684299685,0.04389749476318234,0.04117251071830394,0.1700492640591635,0.024506531633570083,0.003467893460917567,-0.0012972714312454777,0.070173699864905,-0.11480346366413212,-0.33385458891981035,-0.23391337237914026,-0.23715684825581512,-0.040951501833255584,-0.1558907678223171,0.16612036220758683,0.10757418977193989,-0.11314494670583289
GATS2s,-0.12521850917240554,-0.02922951663901033,0.09955220738847016,-0.004343118700250767,0.13693055392858375,0.23414505354076465,-0.29907824406909356,-0.018757306690702687,-0.12382262589388551,-0.08629304511251364,0.2516818465524873,0.12130836724328088,-0.08983852825872353,0.053063067901716145,0.011597778711553318,1.0,0.06876869326537387,-0.038272155213513924,-0.12783579640656648,-0.21856602361904676,0.16146076813007626,-0.10547601803953126,-0.13590338611313585,0.04032472071059573,-0.08940060491110734,-0.055065196650098826,-0.442147326601875,-0.39923295037311074,0.0817639450389747,-0.22798630856731192,0.027825028476182057,-0.06646244132300941,-0.16610275387821552,0.12888867185657218,0.01913525392275841,-0.15357171432693817,-0.1431998494897069,-0.000651509738120349,-0.028421882473117027,-0.04675594120977104,-0.4341222174529331,0.07963306818199141,-0.142562281004566,-0.3234469828770995,0.20719543596138335,-0.07053902456106644,0.15656453404967333,-0.03538907251935647,-0.06239262099603102,0.07167399219324909,-0.10865679302882161,0.04548726306557603,-0.03809390691819298,-0.06423294728412059,0.15329449535164902,-0.06942519168517275,-0.03771410273071162,0.10259144104133858,-0.03508526031799494,0.15855795812668347,-0.02756653881209606,0.08240177509213428,0.020993522276102353,-0.008505817541272616,0.10473009671012701,0.09398086223974099,0.2242382495570326,-0.06666699413380202,0.07610890926400633,-0.09413426526871223,0.12471432769037209,-0.04784850775261871,-0.3139462194016978,-0.29945257751699467,0.07326201571235845,-0.08617639101612276,-0.17599786071940574,0.055145965329842686,-0.14912223910757635,-0.45998460398008545,0.14341335852395456,0.003914455443502254,0.07592366252219064,0.13141610621282607,-0.06353253978206164,0.16907502361927948,0.26098228194381673,-0.0904432824636005,-0.11242487890677602,0.761247794945098,-0.1620748610337428,-0.17155125247625913,0.16598407192030457,-0.16786041474060692,0.02777590924250422,-0.6055974203544373,-0.16270451286133897,0.10340153037823312,-0.031101782901983895,-0.1560675352708833
Mor21m,0.05454793378822865,-0.20704178775642806,-0.30991596579651853,0.1070838838542448,0.1248961267210056,-0.22749701644090775,-0.19531579861175313,-0.45302421946783605,0.0608130975666643,-0.4236759321427919,0.23558339375493179,0.021251802191069726,-0.222983506160178,0.2548414248482264,0.2813881568634916,0.06876869326537387,1.0,-0.2878319093169483,-0.5604749166398434,-0.0472424471527667,-0.2167786241994589,-0.46812826399483787,-0.39099312220431415,0.466765470862053,0.23887488189666264,0.07249724114615665,0.05415183735937963,0.08297687466527424,0.23765719322841367,-0.0735866155426004,-0.28237947622255566,-0.17347293201190098,-0.23327550504272695,0.22989410936651405,0.10237983773671276,-0.33750269483611395,0.2584270858998676,0.22727951645483782,-0.2127782229910012,-0.3825489890007054,-0.09756760385419364,0.08979091335440272,0.18182183452821338,-0.12764903612011122,0.26712759071115816,0.17900607566863522,0.39864214947124177,-0.12253308379420702,0.24667912321438093,-0.058209026193924956,0.05530369186697372,0.09999768298430566,-0.17397448455546785,0.2761471132424125,-0.10418821650787777,-0.12020702756209388,-0.18629112429943281,-0.11095835014337739,0.1874879368808888,0.25227003924566793,-0.12823272456691626,-0.1499637725045474,-0.07399067310329,0.1424961778718889,0.16921102068487504,0.312346184693173,0.39342333263361207,0.3359119900893984,-0.29822699983295486,0.2711429532926988,0.8451340169843484,0.17543219424979017,-0.031113096317311625,-0.15526959846390825,0.048100071617524026,-0.4572379315350143,-0.5122958136494654,0.24848107817709347,-0.24782006596149625,-0.13191392065043409,-0.2951153994771549,-0.2582987262078903,0.12765856808823897,0.6244137798509429,-0.10544351653330564,0.11637219816013915,0.17381759217522036,0.0013687910707130056,-0.24122529319618147,-0.04444169487572181,-0.25451909228671815,-0.4468632357563107,-0.31446653263824303,-0.2217986300656959,-0.22661078880623478,-0.14273229813453828,-0.44094648860885277,0.24103932057544197,0.18415299829183393,-0.053047155690676924
AATS2d,0.39381126930446797,0.264828332502005,0.531487637020397,0.2407152751755255,-0.5924015485081173,0.07219229808500192,0.38807277476210694,0.26674519935357394,0.10183934753144422,0.5607053999864969,-0.35918666933699783,-0.4081719325113385,0.36459671178361625,-0.5575062252100841,-0.1914511516449378,-0.038272155213513924,-0.2878319093169483,1.0,0.5759678449207016,0.36377030789680653,0.2787780994829206,0.7401710501887442,0.4611178055213808,-0.5949102793620679,-0.07227808676710827,-0.1444793212768882,0.06277222255555136,-0.02328235367165896,-0.5437338641943643,0.4016885968657629,0.30846828688480493,0.1435082299613936,-0.12609998309788623,-0.23689574724407061,0.021265118449754115,0.5715988374359403,-0.3171488352391018,0.31708932717524174,0.24982850346565907,0.48834589859176225,0.31378256930960746,-0.09589812239935709,0.1630728096235961,0.3374901332621841,-0.3745122191008025,-0.11748170761555067,0.14266083910299726,0.28130893778958693,0.0986548861187782,0.08994545534972981,-0.014653582136736402,-0.1269282280369924,0.36663316831120996,-0.1678608542821233,-0.12540598055341323,0.6787637150746251,0.16213129717346617,-0.3797538788737186,-0.5356206005510599,-0.5155385821860405,0.5675061910587283,0.04296131856359117,-0.3874549985339659,-0.20215292751467057,-0.11702204994265578,0.19868086440761018,0.07166804102380714,-0.07996367461542159,0.2863753958626113,0.16246245074008822,-0.25962393335690376,-0.0024467847370964464,0.2892311981428126,0.24592760024685606,0.11533097441744407,0.6002595790465112,0.7428546094215133,0.02288574747547681,0.5645996615939501,0.23939780534236624,0.2460042099329487,-0.1762182219933083,-0.03425064939197632,-0.08107313092597734,0.20274353768920045,-0.23685243012837834,-0.2877914800353343,0.38668487754496755,0.7261995368730043,-0.010161307122127814,0.7609003292782514,0.6370946924212051,0.3500307722573755,-0.022010358868018918,0.03318597060511476,0.18062472675160446,0.4447002591866119,-0.4807395775887875,-0.34626034182247484,0.3368921605077264
nC,0.027591535358640583,0.08296910328923704,0.428281423423388,-0.026995512360466517,-0.18906320033579457,0.3284185793009288,0.1468000835779217,0.8328225081407444,0.10480173401202081,0.7115445301299707,-0.43279197687969284,0.06675042136285828,0.5067490364856516,-0.5138841804852331,-0.38797047399526213,-0.12783579640656648,-0.5604749166398434,0.5759678449207016,1.0,0.22732915524136396,0.4167814264727595,0.7648174946087649,0.534638608127229,-0.8227229442699101,-0.3434107999106856,-0.036954773458114196,-0.025272073422418353,-0.09342026858125178,-0.4583496213307064,0.1785949569838636,0.22045780821868838,0.08035769154810188,0.5121582507285422,-0.2694975267289817,-0.014223047396261592,0.6472236987469352,-0.2171044438374002,-0.20407819336501004,0.23336727312633898,0.626020516738702,0.21759098936996035,-0.08254984598982537,-0.09150346125437331,0.13042528612608076,-0.3797209420449584,-0.2215660730605841,-0.1821787430807651,0.1632073029938006,-0.3475577822357173,-0.021978212176328074,0.060847712511021244,-0.08253088480535639,0.28447807175739326,-0.22028828014069865,0.21545413030612348,0.33131645923102837,0.14522114281269496,0.1263219660713651,-0.1599646694293866,-0.2617350666371262,0.24306278067644957,0.15431486487578994,-0.032817141323986034,-0.13413993035646798,-0.26791812309578755,-0.03543744660651384,-0.23312380140689504,-0.45888366921234747,0.32817878220332725,-0.2755311395199857,-0.7502772792058369,-0.2687675564785731,0.18882932415005796,0.14672303642345774,-0.34282591437146237,0.767026668609566,0.9002804194458806,-0.20520423378077757,0.5411156922536449,0.23584775130272728,0.37618753112176173,0.4984184193509054,-0.09922998687836641,-0.7465726003749767,0.15290045341671948,-0.23821560382541965,-0.33787943511620505,0.07893742093092872,0.5185778177873648,-0.01343046399229952,0.5339148524903268,0.6285422172420995,0.5008638808460861,0.3986505774151253,0.30029247216062294,0.19254050087443222,0.7081512861508894,-0.4471296806264946,-0.15891241780979976,0.17617958430131586
