,SM1_Dzi,FNSA2,MATS1are,VSA_EState3,piPC10,WNSA5,ATS1Z,BCUTse_1l,TopoPSA_NO_,AATSC2v,AATSC4v,AATS2d,RNCG,SlogP_VSA10,Mor18p,AATSC3dv,ETA_dAlpha_B,GATS2s,Mor21v,nC,AETA_beta_s,AATS1i,GATS3p,WNSA1,MATS1p,BCUTc_1l,Xpc_4d,PNSA5,ATSC2Z,ATSC1v,TASA,DPSA1,PNSA4,AATSC1pe,BCUTs_1l,AATSC2c,PEOE_VSA1,ATSC8i,Xc_3dv,RNCS,SsCH3,MPC8,Mor21m,Mor16p,BCUTdv_1h,BCUTi_1h,AATSC1i,ATSC1s,AATS0dv,ATS3Z,ATS6dv,ATSC6c,Xp_7d,BCUTZ_1l,Mor16v,AATSC0i,ATSC4d,BIC1,AATS1s,GATS1Z,Mor06,AATS2Z,ATSC2pe,ATSC7dv,ATSC2dv,ATSC1i,Mor28,GATS1s,ATSC2c,AATS4se,Mor16m,AATSC4d,AATSC4Z,ATSC5c,MATS1s,ATS2dv,ATSC8dv,AATSC3d,EState_VSA6,AATS0Z,ATS0s,MATS1dv,ATS1m,GATS2d,ATSC5dv,GATS2se,AATS1se,WPSA3,MATS2Z,PEOE_VSA2,MATS4i,ATSC2v,GATS1are,PEOE_VSA9,NssNH,Mor21,ATSC0s,ATSC1pe,SMR_VSA5,ABC
SM1_Dzi,1.0,-0.8319819770440829,-0.06875582646904026,0.2630378460716551,0.22521266869977044,-0.7407394007882391,0.3437742077800073,0.009595834724117262,0.5695668759727807,0.15237742797080675,0.06411069046934957,0.39381126930446797,-0.45423966932682297,0.7570632388273567,-0.020372889471526757,-0.09636793167648508,0.5513946658621901,-0.12521850917240554,0.09620728356618574,0.027591535358640583,0.5591907377675467,0.47010987746293487,-0.025414939681681677,0.554721415640091,-0.03876238843282956,-0.1241749245151774,0.5881266372566918,-0.7693945953398688,0.23301844475802563,0.13098978258750082,-0.08029122545653937,-0.45176057300325023,-0.8126300136547162,-0.18435884457669954,-0.04218430574896124,0.021184756309532447,0.30673253907347686,-0.1423314060799092,0.07621155121920692,0.22161839038389694,-0.2367994643931802,0.16139836372328503,0.05454793378822865,0.043352426534558466,0.5041363245984988,0.7157622128749856,-0.22585171814169272,-0.5176339540979255,0.7059829615899992,0.49125746144545945,0.5260281131174803,0.2238746318289116,0.23047959527637848,-0.07960451919613744,0.13165072792876925,0.5180300719444015,-0.05943771314517054,0.2780468254154544,0.30592444608485764,-0.22048674928480352,-0.07577872758990328,0.1100384886763662,0.23208570005344584,-0.13926295492786844,0.3681938957400609,-0.3229006020064428,0.26590749551902493,-0.11185089246449782,0.10724284083519339,0.7432447507462184,0.2777636929067301,0.22805703533997626,0.061898895264589346,-0.14373604495541248,-0.03860832702102075,0.7617743327475508,-0.21257276967790173,-0.0676561985567748,0.1179936425789235,-0.00749422442285564,0.892020548451,-0.05758277829425302,0.3410755624371544,-0.27466282780073314,-0.1681802070742102,-0.11740146538454849,0.5413872243923854,0.30653594565820763,0.13100496782926074,0.3441753520754189,0.08539790433413032,0.19620930755402538,-0.051604236311460765,0.3041035806194306,0.22265299950638584,0.20345552945340234,0.781914053798233,-0.24729346633059526,-0.15428648607782544,0.39918501221497943
FNSA2,-0.8319819770440829,1.0,0.08576472036709311,-0.4776744369439766,-0.35754461641759316,0.9061576016438029,-0.4519792476004299,0.20595367469059686,-0.6912169749847846,-0.11331835864060012,-0.018308268168503356,-0.5924015485081173,0.5421778949787751,-0.5417711384234347,0.2026752422661058,0.025880790711926373,-0.391250401423494,0.13693055392858375,0.046686419377657704,-0.18906320033579457,-0.5532995752551543,-0.19569233087910928,-0.024512114078230167,-0.7407809494166888,-0.21677160400656068,0.17127670614927848,-0.6231016968235513,0.9135802964966716,-0.19397329276798678,-0.38184709467297473,0.08201429600594744,0.5132285099793663,0.8957232391978879,0.1789620336804624,0.12761141894278827,-0.079903332824018,-0.4570426046268989,0.11985843234756194,-0.07627456001717513,-0.3101668711066679,0.3227625673800423,-0.2664828410600057,0.1248961267210056,-0.08149440383778175,-0.41444886306728435,-0.4483694928287745,0.03306724476887747,0.6177739656306174,-0.5525156615470078,-0.5983778944385024,-0.6038214197007814,-0.32202375826658464,-0.354448931036502,0.10482813971968621,-0.13244120495602507,-0.3393629569512116,0.15198174935708594,-0.33046109816978936,-0.19520838728710482,0.37501627940183074,0.20982557685723532,-0.05263960939517299,-0.23807264448302232,0.18207480716583707,-0.3215475973979575,0.028382365828557302,-0.3805704864941842,0.10637400818836834,-0.12589309643770324,-0.6286579682018901,-0.1775873819093804,-0.07762405571672576,-0.03715611126987498,0.15065019067147808,0.051033725703394116,-0.810905382089625,0.20633278745415698,0.08867546927010463,-0.23872984600986957,0.03754927517465499,-0.8572916851385524,0.07255798849239878,-0.4362085183335329,0.20565964199655534,0.17659613777068747,0.1475448376903761,-0.3602483095637922,-0.49373072858900613,-0.1331841221494942,-0.3419440676925403,0.04464570403808541,-0.14739846950452745,0.0813679015629507,-0.33944248992442627,-0.21268224090301963,-0.158888196850097,-0.8020751152729962,0.39330098765299704,0.2340843758345567,-0.5326510343214979
MATS1are,-0.06875582646904026,0.08576472036709311,1.0,-0.04552543370671262,0.17434875509589814,0.0018662964397727984,0.14345092629623882,-0.43752281053958003,-0.05613813872645771,0.052493992994423755,-0.11353628603705337,0.35003077225737567,-0.1284174639117641,-0.06601344496428535,-0.33901450795628046,0.20169830293624247,-0.26060317681364514,0.1659840719203045,-0.41295782990112045,0.5008638808460861,0.2905099254109233,-0.33385458891981046,0.20455471618376156,0.14947894002724124,0.47333209445677615,-0.52491626097681,0.18588949600064442,0.1881447419429102,0.22709216041901029,-0.10353029029635555,0.46548076995886006,0.41865820621405747,0.32014167135475435,0.7464949757601613,0.1705356328883502,-0.34566729156685655,-0.012827915541696835,0.03738856323234229,-0.1483154770149486,-0.23379042922176307,0.38322752038279784,0.13671152669798275,-0.314466532638243,-0.05643421061594576,0.2917186339351911,-0.056287169356621,0.4799767746927691,0.5875746000982337,-0.32791751520213386,0.3015788847988083,0.1931790772622625,0.03338917064738725,0.21275947098234915,-0.4212296592296309,-0.15443059437747667,-0.23371212307069592,-0.19295421025275195,-0.2442259877283419,-0.3054859995520175,-0.3655191307373271,-0.13852095591612537,-0.3972831694730872,0.08789000026555732,-0.0761939841094542,0.0932253874448307,0.0958753103047632,-0.3804643468553985,-0.5673439684317341,-0.1545358294403532,-0.1895084816272095,-0.08033422821573148,-0.19040847250747658,-0.12779643748417654,-0.04951128768706284,0.8287027492693166,0.13738315325133588,-0.04377739854324164,-0.06063892494190624,0.12607792439735754,-0.4517381058643799,-0.04637783400855058,0.8454785450510875,0.09314902614923096,0.4004744533815697,-0.1476717462977571,0.3155977718995119,-0.5324928692213523,0.16636272357785387,0.0872901562518515,0.1713507739740425,-0.06242047408745535,0.043667294809228575,-0.7327887020265641,0.1898758567569757,0.0010291068723910788,-0.470394636385834,0.01361168441295377,0.6520702859337928,0.33544518755539393,0.37197136356899513
VSA_EState3,0.2630378460716551,-0.4776744369439766,-0.04552543370671262,1.0,0.07756846928961068,-0.5132872419062251,0.12716154525647777,-0.0748617538325556,0.6144030637886199,-0.005158929701802943,0.01796429862145217,0.264828332502005,-0.1944796886757526,0.0036056128198638463,-0.05391242331079133,0.1216289298888754,0.2601530787626623,-0.02922951663901033,-0.10383485247455058,0.08296910328923704,0.15945970416796157,0.09248477224350397,0.09473528268801894,0.2713021336683117,0.34792390449109295,0.08147828557077434,0.24254564768134895,-0.5309624779977706,0.08805854644984577,0.35969298343687583,-0.2266681419031381,-0.1414399799626826,-0.31738436764209166,-0.023718566089412328,0.04594950890167169,-0.0812127356496575,0.5581392285622062,-0.030844559723912434,0.015336874546922287,0.2591918583627302,-0.14092221408882727,0.11056968954939005,-0.20704178775642806,-0.13986930373152595,0.10196177726319647,0.04967380259045209,0.22956807308000396,-0.43975005349868357,0.08097076228077288,0.2290250273491154,0.33397543874531505,0.2865202153441654,0.13921124852024735,-0.06563983852764449,-0.1518022754041836,-0.17285863288688397,-0.13573803626191885,0.13968922949100446,0.12656756851339038,-0.11941847722668861,-0.1137770132670104,-0.05474707224942484,0.021709269759197368,-0.07153782042617453,0.0966362440668868,0.37210594438604233,0.3365608790385327,0.03184364398882948,-0.08014025854410628,0.0703206627654067,-0.15423512632329422,-0.09547692298810152,0.008719876235716824,-0.1188340890528092,-0.08625970431858766,0.25043904235723774,-0.13454323091835058,-0.021222605991037303,0.059006458213100556,-0.06406634260513816,0.35542339088364594,-0.06551087479748556,0.10940747935576016,0.16908817035942916,-0.0621819963446738,-0.07021767865680596,0.10933697919503745,0.34221000369785787,0.03598263420549275,0.1297601867437037,-0.05430852691639288,0.023660967015793833,-0.019295908025663812,0.3095029323483094,0.05009292807341141,0.08416032905403634,0.44291710284850944,-0.26738893602255304,-0.045705832698869235,0.21117216769790373
piPC10,0.22521266869977044,-0.35754461641759316,0.17434875509589814,0.07756846928961068,1.0,-0.3877197781476154,0.6534525246204511,-0.2987746966022173,0.2672311639969497,0.15537148740416099,0.00814261191542484,0.5607053999864969,-0.42184763159793826,0.163694033584143,-0.7505067169355504,0.1828292525501136,-0.1483555703680465,-0.08629304511251364,-0.49410597673369594,0.7115445301299707,0.34414899343887795,-0.1599107652214817,0.03558469663375911,0.6824340288575923,0.2165560482455806,-0.25327565900826626,0.512099199122673,-0.16384335804236896,0.1796866782086196,0.35907789383807154,0.52537585572722,0.07949673109811746,-0.14937084384958685,0.13099327734157756,-0.09568035790323148,-0.008407614307730958,0.22777781922070667,-0.12000724383800633,0.1317115398476897,0.06688086525506089,0.015066624849310966,0.7386639242781223,-0.4236759321427919,0.1512062441939488,0.11835789689591587,0.06573971828018098,0.11982657640132872,-0.02170968765060778,0.013870527716934792,0.6951312185259028,0.6046126410277025,0.09463493760439905,0.8418152190673255,-0.07088764038724181,0.07532636863721835,-0.03795796322996968,-0.38736784053901674,-0.05167236861277928,-0.05801397817442767,-0.2763772519911872,-0.24623509636404395,-0.033446879580063676,0.19064749345243426,-0.27630389697668206,0.2941164445891218,0.05785442498616029,0.026070603177520003,-0.1662241188032043,0.04932570141202717,-0.0015932170828164526,-0.03328733594569426,-0.16030721214772056,0.0414315290247737,-0.12142803785486188,0.125404151424825,0.6596070448810821,-0.10484343490619176,0.00550079713983781,0.32815397519362544,-0.055383228511608054,0.25295291391641483,0.16345424633625744,0.5939723898408531,-0.15982152274262654,-0.20942730073528765,-0.04747614426480486,-0.10213870391408307,0.6149813587716122,0.1327248348282278,0.11238171650713195,-0.033828815426580984,0.1512501791635369,-0.1909419394761295,0.22909421128811286,0.22305528572825833,-0.3762320334766752,0.17983941404833978,0.11557114769179051,0.06416028836597905,0.7783048156808084
WNSA5,-0.7407394007882391,0.9061576016438029,0.0018662964397727984,-0.5132872419062251,-0.3877197781476154,1.0,-0.5712788114086405,0.18805346381794083,-0.7818010711483486,-0.1300996392525494,-0.008382066603413778,-0.5155385821860405,0.5434326212442123,-0.35737948481475496,0.22392913408178716,-0.010009582685608661,-0.3107126407424393,0.15855795812668347,0.17329209713474772,-0.26173506663712626,-0.5276180025150947,-0.10877906137801961,-0.018125687823709248,-0.7648467611097092,-0.17771107138403683,0.2779424532093474,-0.5256735948779886,0.9069942685234152,-0.20408969546671404,-0.2365008481454561,-0.012725678641907597,0.31391169612994607,0.7241635851760689,0.06236464904380613,0.1297044758174509,-0.06060844110998495,-0.5892294361812036,0.1535354502120893,-0.08138227351597288,-0.20966813017111513,0.24004766376643938,-0.2986263868410723,0.2522700392456679,0.04085054966462231,-0.3774323217603308,-0.3267436834996239,-0.036594276757160725,0.5029982198869719,-0.37786055278750885,-0.6123260020617572,-0.686324905833018,-0.3930373296094441,-0.40775797066438313,0.07643738769827266,0.018418332298031595,-0.12686017676093259,0.1832728426928943,-0.2745125541826929,-0.2183213107218027,0.41318482275643054,0.20537423180874081,-0.02589461920337511,-0.2998985527503093,0.21402219870047443,-0.3624714580594722,0.07162579703299994,-0.3234720635954357,0.18805155016745678,-0.12078999364172871,-0.44962023076409985,-0.03646349131689983,0.042048171537223344,-0.01658106396467079,0.17052390928241007,-0.03015592579417201,-0.7366903982736588,0.3032382638539755,0.0455357670128276,-0.2604416010788563,-0.0028610936373731693,-0.7481204800574289,-0.01833793522495596,-0.580476484929499,0.1859461564099782,0.174780423530554,0.1126413894667653,-0.28024301158278686,-0.6543568614199144,-0.16897990143496028,-0.41826730279970487,0.06427663833694656,-0.1410829882976542,0.16631120594314666,-0.5108449171789982,-0.20516221510118207,-0.02931151498725498,-0.7734973824257032,0.2705002952977494,0.1585996021716814,-0.5843340167514335
ATS1Z,0.3437742077800073,-0.4519792476004299,0.14345092629623882,0.12716154525647777,0.6534525246204511,-0.5712788114086405,1.0,-0.34607378146168505,0.35344658808793483,0.23270935482375324,-0.07653336335834594,0.5715988374359403,-0.6075787210004252,0.1947830307412794,-0.576344982185404,0.19324816926582034,-0.24603109145774735,-0.1535717143269381,-0.4661109272958283,0.6472236987469352,0.4437743462349047,-0.30246318431101454,0.1846274741526681,0.7616659952326016,0.26205021167876236,-0.26875926751692225,0.5834530386957482,-0.3077058550337131,0.20094642882969654,0.32145438606330157,0.5953248564267248,0.07311852365104372,-0.24843486731673392,0.10761313591736252,-0.41008699962761336,0.045493294331531604,0.2380552012366365,-0.07857630476311803,0.43730090819057804,0.1232304256442012,0.10943314493282069,0.5555779911021332,-0.33750269483611384,0.036990009145602396,0.09702326790626627,0.055492945482451254,0.11233281425871083,-0.1329577814650302,-0.002162958300111296,0.7900446117809781,0.6215133833353804,0.1773777562085822,0.6839926609792009,0.16884239548948551,-0.02278120864268249,0.004720866081611864,-0.3590324575461786,-0.09616428097348863,-0.21348360048565868,-0.282806898194671,-0.10588480188364796,0.2517747385143623,0.3009906884783066,-0.28677613545408964,0.38043549399936266,-0.02361817945327274,-0.054997962186126584,-0.14417663902393354,0.10821629082966981,0.15000489356732824,0.05072257559975375,-0.16026436701417035,-0.03861578773056061,-0.12877426229938668,0.10128619203947833,0.6614848591715661,-0.19088244941572144,-0.11255710397909267,0.2606959759764306,0.30795722521477137,0.38056223080158513,0.13886975882164151,0.9835858653006071,-0.20008710030681412,-0.22671792020569007,-0.1344031889063219,-0.05272524758076952,0.6256002436024245,0.20140932677154927,0.2114438383348541,-0.14330405369529545,0.18358713621009043,-0.13577633838002995,0.3107564351526844,0.26943086463533494,-0.3818848015339474,0.3381087149110116,0.05969022789136656,0.20366800858376746,0.8067221517537543
BCUTse_1l,0.009595834724117262,0.20595367469059686,-0.43752281053958003,-0.0748617538325556,-0.2987746966022173,0.18805346381794083,-0.34607378146168505,1.0,-0.0741970318748793,-0.2518804620455166,0.17299742009747382,-0.5575062252100841,0.26900588448227863,-0.002255450073507776,0.4759801005330494,-0.20088209689709768,0.4820366935115862,0.053063067901716145,0.316988705075256,-0.5138841804852331,-0.4600742286259145,0.6841157179295115,-0.3651444035079726,-0.375233859683355,-0.47546075050811626,0.40368714113943976,-0.3108581687761121,0.03684895007862732,-0.16496530414031849,-0.13153597194863315,-0.3833545788404008,-0.1337711015623775,0.02755886689935574,-0.3332543873876382,0.36403773470066697,-0.02754271167624904,-0.14774820916065357,-0.03597896704875158,-0.1801839265149521,-0.03750745959359557,-0.16945373719388485,-0.22445014903062926,0.2548414248482264,-0.05175482451983521,-0.11727574714202085,0.13044485365714492,-0.1625398723530624,-0.1041258187403888,0.2444008913456132,-0.3995323956011644,-0.21871328238151386,-0.05322512014499698,-0.3108981472829873,0.22873927954435797,0.010205932280043899,-0.02658554610441986,0.26891065804074743,0.11641338469443833,0.4889998738365718,0.21100420324294583,0.2506475094117632,0.06742919198889037,-0.1100746106929877,0.0817125447102153,-0.10710859345994288,-0.08047912488043941,0.12497167511240544,0.23988297694866562,-0.01136637985225623,0.08075570883185904,0.08296695630537132,0.3750989016957499,0.060231703303327014,0.05094341684505378,-0.3532680763259691,-0.32775375105802834,0.013660165052731347,0.24380161664598107,-0.25126913600100154,0.15383116035533018,-0.07660126887100045,-0.4836658026416791,-0.29802685856001265,-0.21405157027490973,0.13338255532381013,-0.012529484690439218,0.6262646938308855,-0.34261315339352705,-0.2634706510760487,-0.07738014124203703,0.21883688994077716,-0.12735980646538733,0.2612796268932721,-0.14776118491180046,-0.08765232723048992,0.27537111539303216,-0.09629202491160914,-0.09414959385152179,-0.09807259372126426,-0.48781204847474513
TopoPSA_NO_,0.5695668759727807,-0.6912169749847846,-0.05613813872645771,0.6144030637886199,0.2672311639969497,-0.7818010711483486,0.35344658808793483,-0.0741970318748793,1.0,0.08854525901617126,0.026913796316792176,0.38807277476210694,-0.3569396329311371,0.13536428891720198,-0.13925886651458763,-0.04379492433614166,0.3686596835052932,-0.29907824406909356,-0.08912812075682337,0.1468000835779217,0.44347413128644136,0.1925495794563218,-0.005676150717559032,0.4690218757012602,0.1821869132353868,-0.2733196571297789,0.3412033709316538,-0.7427072316967952,0.27022095828352627,0.2830250951215698,-0.16462846883769208,-0.13083784197090567,-0.49359479775871345,-0.04009080804586324,-0.022105070555731545,0.201553352929199,0.6421465860756429,-0.14689763565014546,0.02564261627524591,0.04126419705696003,-0.1720027275818765,0.16923835904036702,-0.19531579861175313,-0.06221908870275786,0.3776083241382639,0.27422226752994894,0.1738379115647081,-0.5536250876169055,0.22592038394081043,0.38510261091506215,0.5267753795523301,0.33264947475571516,0.2633553969478097,-0.1073267577178848,-0.08981360197685398,-0.18955343220855642,-0.2072151209415549,0.32789803495216735,0.17353249958277533,-0.32027053974784103,-0.21688657066205283,-0.05115120213388409,0.4398202162155599,-0.18481368738361093,0.4280352355635469,0.11787334321972529,0.34516635904186166,-0.23116264113729,0.33946519687697596,0.21320573123993738,-0.13743694275467977,-0.16834310413444872,0.05994883870887296,-0.1744255222506337,-0.03793927804868121,0.519863742640461,-0.2372401884384419,-0.05110321482222525,0.2155860438765193,-0.09277932040998584,0.5582654999237008,0.0361433372345123,0.32173485779853866,-0.061438745315765785,-0.22824159267850527,-0.2807753608061313,0.22694725990043457,0.6123492911215271,0.18166704465362063,0.4824190468999217,-0.05827875987772968,0.12517442196127293,-0.20762688470653498,0.4284663848846496,0.27500506193027785,0.07356394882190849,0.6710557250791157,-0.2584979608639012,-0.12152414182486114,0.42156471476909485
AATSC2v,0.15237742797080675,-0.11331835864060012,0.052493992994423755,-0.005158929701802943,0.15537148740416099,-0.1300996392525494,0.23270935482375324,-0.2518804620455166,0.08854525901617126,1.0,-0.35378486642986334,0.3368921605077264,-0.10803993416558023,0.10654514252902277,-0.134099762135555,-0.08733194226070344,-0.03086670721861002,-0.15606753527088332,-0.008812728639274067,0.17617958430131592,0.2371308315629482,-0.11314494670583283,0.4999938695457278,0.15333932575109455,-0.13839944635458964,-0.22871305217371102,0.4574824521195634,-0.08288575989751439,0.6630226315900072,0.001254808315166028,0.08225944615770953,-0.04597200063652063,-0.06946849468164748,-0.030616640335314266,-0.11890254106669991,0.03842505078839954,0.044393601656083734,0.11072781519540896,0.2676340314078525,-0.07618284089722256,0.39953324226991027,0.17325001950372187,-0.05304715569067696,-0.10873006655485917,0.13870877684337435,0.09438388203029938,-0.23422508039666418,-0.026059125172350022,0.12667327691031974,0.31567611551188435,0.14768868961115383,0.06726408061884108,0.21689049917380018,0.13105474671058812,-0.10103786110470549,0.13242997742478424,-0.3966262208394495,0.10051591988460648,0.0019627490507897064,-0.06688388317544361,-0.14745159223055768,0.04303390208293015,0.1746055063496961,-0.016194764710209628,0.23829917766019643,-0.17834404297763815,-0.1700372869527346,-0.08731302133924025,-0.013788682086437343,0.09779398229714213,-0.08452567172449812,-0.293323544714375,-0.25597680246561294,-0.09125447799257988,0.005341844382576798,0.3144570444944681,0.009833270221185004,-0.39592728708387714,0.2090136405436878,-0.01792955962635407,0.1452711103861612,0.2965441730772672,0.23435528589194832,-0.009189805755610209,-0.20561895564569432,-0.10591659995044092,-0.011536110359162648,0.07904676362689962,0.7186415755732414,0.12930542167438963,-0.24049418666119685,0.7843186876335086,-0.09527020333427265,0.19582317268178231,0.08244852050306882,0.04827210015595786,0.09715319799729101,0.13680628414292237,-0.07806746196734358,0.2755961594129942
AATSC4v,0.06411069046934957,-0.018308268168503356,-0.11353628603705337,0.01796429862145217,0.00814261191542484,-0.008382066603413778,-0.07653336335834594,0.17299742009747382,0.026913796316792176,-0.35378486642986334,1.0,-0.14447932127688828,0.05293664587646763,0.050529412286755455,0.08960619993340785,0.02422395753531817,0.08706832533303388,-0.0550651966500988,0.005812732515471702,-0.0369547734581142,-0.09633347370802604,0.19764218424182609,-0.051306871785262186,-0.011520650009187455,-0.18048734841744224,0.11688820856314265,-0.1191221511765234,-0.014726182584911875,-0.1769827266393716,-0.13666341970800158,-0.026565841228103997,0.03733858442901468,-0.043329770149123384,-0.19151708146810137,0.03363002759166412,0.18151308220489432,-0.008873036205187668,-0.04295634482292512,-0.004741011307148468,0.039178605669229975,-0.049454162604973005,-0.004492249698547638,0.07249724114615665,-0.01708148352971118,0.03304135198228369,0.05094492404638215,-0.1234674621698738,-0.09189225764171678,0.022301680384393643,-0.07755225920287057,0.04511883601148081,0.021706295076688392,-0.013939791846581204,0.1596255316650743,-0.030594513435478216,0.0022944788632741106,0.19384191861104869,-0.05902466317309583,0.026353288377916215,0.2267095440026556,0.07933007986449155,-0.0575165162650044,0.0325359369886668,-0.07574112503437179,0.0014553640756521107,-0.08510019272557111,-0.030342013988058126,0.017135475386447545,0.0994665245699953,-0.06856271570975114,0.0028822878194796142,0.37356544553892645,0.7790115744716741,-0.005985605515805428,-0.08454097794999875,-0.034320383153427544,-0.024900324728502208,0.34399817545623573,-0.09347224094743824,-0.04882117003642976,0.06672499666604649,-0.19835121941971098,-0.08318475835854962,0.11486964385663102,-0.09885900116324124,-0.04703806623150315,0.08107112884771658,0.020566511880846843,-0.2998596610380247,0.025825383800242317,0.7411653841108552,-0.21002755502114637,0.0793222948064392,-0.05145335393603948,0.034326183049811936,-0.03335563770295868,0.07009025218810801,-0.0819018840126261,0.10277657279104019,-0.042122582999317
AATS2d,0.39381126930446797,-0.5924015485081173,0.35003077225737567,0.264828332502005,0.5607053999864969,-0.5155385821860405,0.5715988374359403,-0.5575062252100841,0.38807277476210694,0.3368921605077264,-0.14447932127688828,1.0,-0.5437338641943643,0.24071527517552543,-0.5949102793620679,0.07219229808500198,-0.07227808676710827,-0.03827215521351389,-0.25962393335690376,0.5759678449207016,0.6787637150746251,-0.191451151644938,0.28130893778958693,0.6370946924212051,0.5314876370203969,-0.35918666933699783,0.7261995368730043,-0.4081719325113384,0.36377030789680653,0.5675061910587283,0.26674519935357394,-0.1762182219933083,-0.3797538788737186,0.2460042099329487,-0.09589812239935709,-0.02328235367165896,0.24982850346565907,0.021265118449754115,0.10183934753144427,0.08994545534972981,-0.022010358868018918,0.48834589859176225,-0.2878319093169483,0.19868086440761018,0.2892311981428126,0.1630728096235961,0.2863753958626113,-0.12540598055341323,0.16246245074008822,0.7401710501887442,0.4611178055213808,0.1435082299613936,0.6002595790465112,-0.3171488352391018,0.14266083910299726,0.02288574747547681,-0.4807395775887875,0.0986548861187782,-0.0024467847370964464,-0.5356206005510599,-0.34626034182247484,-0.11748170761555067,0.18062472675160446,-0.11702204994265578,0.23939780534236624,0.16213129717346617,0.11533097441744407,-0.2877914800353343,0.06277222255555136,0.31708932717524174,0.07166804102380714,-0.23689574724407061,-0.014653582136736402,-0.1269282280369924,0.2787780994829206,0.7609003292782514,-0.03425064939197632,-0.3874549985339659,0.36663316831120996,-0.1678608542821233,0.4016885968657629,0.36459671178361625,0.5645996615939501,0.04296131856359117,-0.23685243012837834,-0.010161307122127814,-0.07996367461542159,0.4447002591866119,0.31378256930960746,0.24592760024685606,-0.20215292751467057,0.38668487754496755,-0.3745122191008025,0.30846828688480493,0.20274353768920045,-0.08107313092597734,0.3374901332621841,0.03318597060511476,-0.12609998309788623,0.7428546094215133
RNCG,-0.45423966932682297,0.5421778949787751,-0.1284174639117641,-0.1944796886757526,-0.42184763159793826,0.5434326212442123,-0.6075787210004252,0.26900588448227863,-0.3569396329311371,-0.10803993416558023,0.05293664587646763,-0.5437338641943643,1.0,-0.3113862910685828,0.402628715928694,-0.13900370369244408,-0.04550580686086983,0.08176394503897469,0.30449360949620313,-0.45834962133070634,-0.5019761584446774,0.03607709148065583,-0.10614065040964994,-0.6049969402362233,-0.2884669912075338,0.13219093657481004,-0.4897105738487032,0.4395182894139447,-0.15314768512894233,-0.28955533043340453,-0.36931906938727754,0.08280313871229192,0.4163857521272532,-0.009818072789367268,0.12800931949902944,-0.06881852778171489,-0.19832848430248395,0.029506796819980172,-0.10067399822103917,-0.41443667263110384,0.01827579971938837,-0.3356181804596758,0.23765719322841367,-0.029630671593359352,-0.11754123199727264,-0.09445953535938145,-0.024283286904667037,0.28125373750174176,-0.26096205655925464,-0.6071503442111528,-0.4178017736062522,-0.1292449627988167,-0.43477961763503276,0.019983114840126555,-0.01388814744085747,-0.1970609496778099,0.2512907409972431,0.1414423130105773,-0.08943766215661131,0.21916067799899158,0.10051370107927486,-0.011960008444923015,-0.18733160256320916,0.16236570240026343,-0.2585646387662467,0.07629681623821083,-0.022469860231456744,0.009555073550484409,-0.10209484079677782,-0.3225922621479514,-0.03562514555313421,0.05024847931870876,-0.008911128784451897,0.07142821707092799,-0.03697713829333037,-0.5995202503173331,0.10996156723465053,0.05613614366094231,-0.13808402041199894,-0.03502669853369733,-0.5078947835951811,-0.10506731183440395,-0.5767747089168151,0.09571072407037982,0.20516374267199977,0.039375339717254314,-0.13339167811981578,-0.4783646899673215,-0.14557295804507334,-0.22754772700717624,0.1266254779928972,-0.06873770479236976,0.04657327494338622,-0.21401911035298274,-0.1927899738246947,0.22001776520913735,-0.4155369569010242,0.13895984423785882,-0.12012412984487748,-0.6113939130813922
SlogP_VSA10,0.7570632388273567,-0.5417711384234347,-0.06601344496428535,0.0036056128198638463,0.163694033584143,-0.35737948481475496,0.1947830307412794,-0.002255450073507776,0.13536428891720198,0.10654514252902277,0.050529412286755455,0.24071527517552543,-0.3113862910685828,1.0,-0.06209487659579942,-0.04559302492916386,0.354989926953761,-0.004343118700250767,0.13677727083545077,-0.026995512360466517,0.283355050976162,0.371841311725374,0.02495431199054275,0.3833577694446194,-0.01781136017210093,0.11009770289971499,0.4600258935492681,-0.4008405165153525,0.11690858232604363,0.1383988403490918,0.0065484911344794415,-0.4460104331897504,-0.6050904221237882,-0.1858533116879476,-0.06598147830370935,-0.04214213479949742,-0.011276795301760288,-0.12482345259769315,0.05274203769557917,0.29458704847301365,-0.1837027335561025,0.08552188141178278,0.1070838838542448,0.23861507133148657,0.25577032935386695,0.5916037334160482,-0.2968940177262911,-0.3253959729142004,0.610185935015627,0.31676544609620855,0.3781536985112366,0.11695822603278508,0.11887885090419391,-0.021288178401533155,0.32828386953263483,0.6915756874888592,0.05710825260275844,0.1057547525542323,0.22101436866260887,-0.043618927417765185,0.008775867337515134,0.11466128950668031,0.06903287378134947,-0.10973429984638994,0.19945380623436818,-0.2028223598574257,0.19050792858676704,0.10637805563497942,0.0014571733616285658,0.6434964887755942,0.4400541837824479,0.3530125612669408,0.02200534604362271,-0.12676402009506288,-0.10368156493155124,0.5682641863090623,-0.09832621169315724,-0.03384477070827325,0.08334016644907924,0.04241017402778801,0.669933569473875,-0.12004407219560238,0.2083378154156755,-0.2201283836336829,-0.047882167439266196,-0.03653443004039821,0.39978739399068286,0.03438816175612614,0.06369078752123597,0.07103534302601179,0.11611612601597017,0.13343781560752005,0.10962954271885024,0.0649001920855923,0.15025226131339903,0.18733874661820574,0.47366937244970125,-0.11059071713128119,-0.14666390386643352,0.22312515243074627
Mor18p,-0.020372889471526757,0.2026752422661058,-0.33901450795628046,-0.05391242331079133,-0.7505067169355504,0.22392913408178716,-0.576344982185404,0.4759801005330494,-0.13925886651458763,-0.134099762135555,0.08960619993340785,-0.5949102793620679,0.402628715928694,-0.06209487659579942,1.0,-0.23827010726422457,0.3441903375481316,0.04032472071059573,0.6012779945017465,-0.82272294426991,-0.31565324783234877,0.32246243794918705,-0.0899130173489325,-0.610982220572172,-0.38873099697174535,0.3150134122972373,-0.36080075797295447,-0.043308026549626955,-0.1482450920285134,-0.34365114173148037,-0.6770874693735971,-0.2684832079953484,-0.04611007669221815,-0.2896305776411465,0.05785315409585388,0.039582084763069125,-0.19073935235085837,0.04845469438755442,-0.05106753110309526,0.018967440969814228,-0.12079846999214626,-0.5945974978045395,0.466765470862053,-0.22285598817012706,-0.06992945172849882,0.0805965656145916,-0.289464120360541,-0.1250240679091797,0.18403197860460097,-0.6139964130283719,-0.47594011833275085,-0.061672811622642244,-0.7221287163309583,0.18109594108505164,-0.10999638120182102,0.16311525585221687,0.394319128840874,0.17448788223008524,0.18932084662478837,0.2438355275647051,0.19046580987804088,0.10005818346004806,-0.14584392691733433,0.21918169149730593,-0.1954146965626249,-0.19106118815408776,0.05273805964097198,0.1875066773785321,-0.03567726050534209,0.15686265628126322,0.05243885984090978,0.2914165588485089,-0.022910975928133265,0.09241169353358149,-0.23905713289625719,-0.520027550589218,0.07433586045971073,0.053549494908096046,-0.3338673634749365,0.16224544521388687,-0.07462027537205419,-0.3138475343123172,-0.4981104722692091,0.05860744487199831,0.18837605808667882,-0.007707188760531061,0.33708509804882886,-0.6314873011556985,-0.14383954292228485,-0.03737119915363128,0.17929534337643094,-0.045202043967186384,0.2513175617420721,-0.16476671224971906,-0.20232457393777523,0.5404585950946612,-0.006258784493358399,-0.22786481432475544,-0.1639324510014108,-0.7692080932064764
AATSC3dv,-0.09636793167648508,0.025880790711926373,0.20169830293624247,0.1216289298888754,0.1828292525501136,-0.010009582685608661,0.19324816926582034,-0.20088209689709768,-0.04379492433614166,-0.08733194226070344,0.02422395753531817,0.07219229808500198,-0.13900370369244408,-0.04559302492916386,-0.23827010726422457,1.0,-0.20656830560024422,0.23414505354076465,-0.3000825762241704,0.3284185793009288,-0.13369328368759276,-0.25949500543614157,0.12302988146295521,0.1476130597155873,0.22630668159631404,0.02529194352779959,0.09026772077737022,0.1357763917820112,-0.08265165823927906,-0.008610258089408903,0.3063401788943211,0.2743113174340391,0.1674246573935586,0.3113998743853964,0.09023785260855888,-0.5305306428190374,0.08915587932445634,0.0009845348675466472,0.03334584239069052,0.051954999175758305,0.11130211646536652,0.1226408379568677,-0.22749701644090775,-0.07032254883632269,-0.19056995637787488,-0.22026514535413363,0.2713684357131085,0.26685594154268116,-0.3096569641720336,0.21829553974483012,0.14106894003756748,0.037645069622893344,0.17589506556800819,-0.18412462036004662,-0.12219631494311137,-0.1662504819177431,-0.09998983990474118,-0.3535445630753873,-0.2334704394933858,0.20918021623440458,-0.04656972163153862,-0.23666861541509,-0.20852896837344084,-0.11407851810992609,0.007407952898385594,0.10098009041998793,-0.16868416151179783,0.01322692944497732,-0.256575185418619,-0.15306635770744814,-0.16608057732402923,-0.11731750320636336,-0.13513390254397803,-0.08183691699346182,0.22871147554674223,0.06261936128198237,-0.0278912177757216,0.045171538060022595,0.04417269935741064,-0.2365608304784639,-0.0288511140993212,-0.002859631591846315,0.169565133287049,0.12418012137778346,-0.21478760282749174,0.18855882845053543,-0.3621726911771387,0.2162471015619503,-0.16413140512019192,-0.041832522050543115,0.047665913354616334,-0.1445897518030929,0.05486586932918829,0.06531622468806987,0.024908456405051273,-0.3208637420287464,-0.04697613845514934,0.15066341613294768,0.22351912512301364,0.22186647627111453
ETA_dAlpha_B,0.5513946658621901,-0.391250401423494,-0.26060317681364514,0.2601530787626623,-0.1483555703680465,-0.3107126407424393,-0.24603109145774735,0.4820366935115862,0.3686596835052932,-0.03086670721861002,0.08706832533303388,-0.07227808676710827,-0.04550580686086983,0.354989926953761,0.3441903375481316,-0.20656830560024422,1.0,-0.08940060491110734,0.3049059362169402,-0.34341079991068557,0.11939706672421849,0.7509816399201443,-0.27867805565505394,-0.05140474607734306,-0.3494777495990012,0.020728811937435306,0.07111087097037577,-0.517867788209195,0.10187628494524655,-0.030329158757456832,-0.5035340445407142,-0.3469141041548034,-0.49284133508388117,-0.37157336658354445,0.4362524031957976,-0.015509377393123736,0.24412435513208894,-0.07286841025354752,-0.1574784246052662,0.09538583474387786,-0.27892238903492683,-0.108311144238974,0.2388748818966626,-0.070678899957104,0.43233090188108875,0.5202603366539218,-0.25271954593448714,-0.4589065329852509,0.682355699298441,-0.12198098891127732,0.07110192583453627,0.076865669885522,-0.14086529187514965,-0.04713639917754359,0.008722112467317463,0.24616286862291245,0.11459654420252238,0.27674748919622844,0.6388182521612332,0.028007930417742462,-0.02281656541276235,-0.01646504036366826,0.02344597648505108,0.021661251903943926,0.09164368079729887,-0.1895432603204788,0.3001603717309347,-0.044776518473344754,0.022257930192267697,0.5789741961102829,0.12135042758895989,0.24250199900505634,0.07439822614111159,-0.014087783121785326,-0.1762318947360163,0.21506067734485085,-0.08086802769208196,0.05692700734246377,-0.08558415006607153,-0.07061715038527339,0.5436757625627454,-0.23228891058989962,-0.21837921755299072,-0.20510292987055984,-0.015946032279214473,-0.06942667645487184,0.6569901867110931,-0.029449687363719747,0.006202819358814867,0.18929468937633365,0.13192912757439856,0.042403524736971634,0.022247492237558304,0.08854504734055488,-0.016863674495275108,0.35919285106022286,0.47042478063183873,-0.2893990967670793,-0.22522422510678203,-0.15334495645206103
GATS2s,-0.12521850917240554,0.13693055392858375,0.1659840719203045,-0.02922951663901033,-0.08629304511251364,0.15855795812668347,-0.1535717143269381,0.053063067901716145,-0.29907824406909356,-0.15606753527088332,-0.0550651966500988,-0.03827215521351389,0.08176394503897469,-0.004343118700250767,0.04032472071059573,0.23414505354076465,-0.08940060491110734,1.0,0.12471432769037209,-0.12783579640656648,-0.06942519168517275,0.011597778711553333,-0.03538907251935647,-0.17155125247625913,0.09955220738847011,0.2516818465524874,-0.11242487890677602,0.1213083672432809,-0.21856602361904676,-0.02756653881209606,-0.01875730669070268,0.003914455443502254,0.10259144104133858,0.14341335852395456,0.07963306818199141,-0.39923295037311074,-0.028421882473117027,0.01913525392275841,-0.1238226258938855,0.07167399219324909,-0.16786041474060692,-0.04675594120977104,0.06876869326537387,0.09398086223974099,-0.3139462194016978,-0.142562281004566,0.07610890926400633,0.15329449535164902,-0.09413426526871223,-0.10547601803953126,-0.13590338611313585,-0.06646244132300941,-0.08617639101612276,-0.1431998494897069,0.15656453404967333,0.055145965329842686,0.10340153037823312,-0.06239262099603102,-0.04784850775261871,-0.03508526031799494,-0.031101782901983895,-0.07053902456106644,-0.6055974203544373,0.10473009671012701,-0.45998460398008545,-0.03771410273071162,0.07326201571235845,0.26098228194381673,-0.442147326601875,-0.000651509738120349,0.2242382495570326,0.12888867185657218,-0.10865679302882161,0.04548726306557603,0.16146076813007626,-0.1620748610337428,0.07592366252219064,0.020993522276102353,-0.03809390691819298,-0.06423294728412059,-0.22798630856731192,-0.08983852825872353,-0.14912223910757635,0.08240177509213428,0.16907502361927948,0.761247794945098,-0.06666699413380202,-0.16270451286133897,-0.4341222174529331,-0.29945257751699467,-0.008505817541272616,-0.0904432824636005,0.20719543596138335,0.027825028476182057,-0.06353253978206164,0.13141610621282607,-0.3234469828770995,0.02777590924250422,-0.16610275387821552,-0.17599786071940574
Mor21v,0.09620728356618574,0.046686419377657704,-0.41295782990112045,-0.10383485247455058,-0.49410597673369594,0.17329209713474772,-0.4661109272958283,0.316988705075256,-0.08912812075682337,-0.008812728639274067,0.005812732515471702,-0.25962393335690376,0.30449360949620313,0.13677727083545077,0.6012779945017465,-0.3000825762241704,0.3049059362169402,0.12471432769037209,1.0,-0.7502772792058369,-0.115987161052882,0.3565489801232249,-0.07096659316206451,-0.4710086963540474,-0.28993575919720527,0.31268483665535074,-0.21272647113401322,-0.1145568087085551,-0.053625912834264856,-0.031878906797428934,-0.6806265219806954,-0.46663209421139884,-0.210504529907382,-0.33826682303138084,0.05684049653682894,0.07168222625165627,-0.15676798998039138,0.09733112004663633,-0.009286295226925308,0.008748725869730172,-0.31083634315321385,-0.4519202819477788,0.8451340169843484,0.3286676930563788,-0.06831329132600618,0.19505566023957233,-0.29254347247219664,-0.2515800996446818,0.33748037904537104,-0.5066357975280882,-0.40389718417976656,-0.11449967750445554,-0.5464990677195627,0.15856858876025007,0.4601955009841499,0.26790659780637766,0.2500574230804563,0.44248628549718927,0.25815717492402196,0.07176190724261956,0.06405414411461646,0.18459711809046295,-0.17799428186596464,0.20143923257956683,-0.17137213348405272,-0.1349992784828446,0.2039737123847511,0.2733049314562687,0.0260013745077558,0.2604591893930818,0.3991264796099146,0.19558257620737,-0.026981794104122974,0.0668875408991198,-0.34951745520320426,-0.27056073841165873,0.1487722286630116,-0.1159477306973497,-0.11604178254242721,0.1719072222164915,-0.06999275145147654,-0.3518430602984524,-0.3796934485312153,-0.11684583557600725,0.15974903545127517,0.013816024170907944,0.42395677686552397,-0.5316444732675629,-0.0981426212361429,-0.15536384789229124,0.09187036908904753,0.13878031766137414,0.30844224926711283,-0.21134673591044068,-0.07966962709793604,0.8927084772575862,-0.09439422956409907,-0.31178991888536467,-0.471385547093561,-0.6247227969203661
