,SM1_Dz(i),SpMax3_Bh(s),SHED_DA,SM3_B(s),MATS1p,P_VSA_v_2,piPC10,F04{C-N},P_VSA_LogP_5,TPSA(NO),CATS2D_04_AP,SpPosA_H2,CATS2D_02_DA,GATS2s,nC,P_VSA_s_6,LOGP99,SM05_EA,MATS4v,SpMax4_Bh(m),VE1sign_B(p),X0Av,O-060,PDI,Eig13_AEA(bo),GATS3e,ATSC7e,MDEO-12,SpMax2_Bh(m),Eig04_AEA(bo),PW5,SpMin1_Bh(p),SpMax_B(s),ATSC2s,RNCG,Eta_epsi_5,MATS2m,Eta_psi1,P_VSA_charge_2,MPC06,SpDiam_B(m),ALOGP,GMTIV,GATS1v,GATS2v,SpMin1_Bh(m),GATS5v,SpMAD_B(m),ESOL,piPC06,ATSC1e,ATS3m,SIC5,VE3sign_B(v),Me,P_VSA_s_5,SIC4,IC1,Q2,SpMin2_Bh(m),SpPosA_B(p),P_VSA_m_3,MATS3s,SpMAD_B(s),ATSC6e,Vindex,Hy,MATS1s,P_VSA_charge_3,P_VSA_charge_9,MATS6v,SpMaxA_AEA(dm),Eta_betaP_A,P_VSA_LogP_2,MATS1e,ATSC3m,Psi_e_0d,SpMaxA_AEA(ri),IC5,D/Dtr10,SpAD_B(s),Eta_sh_p,RBF,nArCOOR,BIC2,J_D,SM10_AEA(ri),MATS3e,Eta_beta_A,P_VSA_ppp_N,GATS5s,MDEC-34,SM15_AEA(bo),P_VSA_e_2,X3A,nRCOOR,P_VSA_MR_2,SM4_B(m),minsNH2,VE2sign_B(m)
SM1_Dz(i),1.0,0.7514758065856217,0.5159598574835412,0.8077723895965394,-0.11509572699559964,0.7670301026798348,0.23948280646795078,0.4614285676402243,0.5997877785501968,0.6568917253535245,0.1611703748589329,-0.04317461601431076,0.41344500429617675,-0.15492093051102424,0.039206908912826695,0.7530985596033192,-0.1944866238823235,0.48878591137548333,0.058023178991379654,0.16780408003796612,0.1838561226605041,-0.4995304521066279,0.18059341888385835,-0.0014997920709695835,0.09400230256734948,-0.08295521602235678,0.47877996004029777,0.2795773926831121,0.07048638990897664,0.27587805051980524,0.16405931758179548,0.09311554275285534,0.5621954641663776,0.7712459885211206,-0.4262280581949577,0.5958630214806756,0.17778533728225637,-0.5585422311155257,0.174290374352817,0.24773279468487433,0.3580585338674019,-0.20914724999273002,0.55136096090533,-0.1851821947168806,-0.22200572372858512,-0.15813184432128613,0.01756116489616068,0.015411164604589302,0.036528146087648414,0.22953747495311463,0.7370422677561718,0.3604195631341396,-0.03439063161694735,-0.1116296588775333,0.6075794040776527,0.17845291014984024,-0.04142334748318818,0.3684518833403531,0.6844202934126625,-0.20497050126011634,-0.44556451616863574,0.6251509358450907,-0.009285608195099078,0.6917146018262229,0.5209677328840956,-0.016226270465677508,0.3468458075432938,-0.0798222322289788,0.46532182345505213,0.1754541751544904,-0.13284934381758515,-0.1525770888475241,0.1513602424085067,0.07871546568623412,-0.20881655015486092,0.02784178976431363,-0.04202133113163975,-0.18380547805987552,0.0060422993231985375,-0.014064632165891343,0.6553153600838845,0.0900543774830527,-0.025485339741730593,0.09474955590715352,0.14759516571983508,0.3025809373179288,-0.2771442778499741,0.01591429917596405,0.28660674826322846,0.11452816678903271,-0.00044766529455802275,0.13802618615945547,0.23039553434541737,-0.16584477538283157,-0.20957933095889025,0.07054960134276504,0.42013518853732934,0.36149886401667275,0.2099170436150145,-0.0721419541371334
SpMax3_Bh(s),0.7514758065856217,1.0,0.4202907416794931,0.7685693946290627,0.01372031914547302,0.6689435078835501,0.21039168124942034,0.2467737469220614,0.4512367198661622,0.5103103935236742,0.06894250512010078,0.07854822989142864,0.3628731078283695,-0.1149603076262411,0.16564160977352496,0.647759936045437,-0.020396103104812376,0.5572681311928083,0.024575020080095787,0.3797489994965548,0.19464647602499968,-0.4882273313718504,0.07523252836112983,0.07929616691106023,0.056745503280580506,0.04203521804553305,0.4036512931981194,0.20919881419191097,0.21940652504681654,0.31677449612770375,0.23994128976750548,0.29910469646159027,0.47760127092521026,0.7244676045620435,-0.519664810657904,0.450187612810815,0.1695768731944865,-0.4625264174286584,0.1736878217449486,0.2862812915411248,0.46395729697479854,-0.03085451953984578,0.43850241131894296,-0.12881776529865893,-0.03576153357952948,0.056429467480263194,0.12041507715810985,-0.012089972115410231,-0.12076992380224585,0.2705511948267101,0.6935743753772097,0.5072164428484381,0.11576138802149563,-0.16136269871935904,0.44829062190244007,0.06295672920234768,0.13187782662908756,0.3792499191314235,0.5984038498568502,-0.009697370459832018,-0.3633062588302322,0.6654117222686478,-0.054661378634264235,0.6659341299262003,0.44769467410070873,-0.04633719041349829,0.19750338677393714,-0.15087374417794955,0.38929069051182635,0.15599638285106776,-0.0607796116346098,-0.18136055748560453,0.12366068775473239,0.0723003810880201,-0.20983812745218838,0.1315912749218872,-0.12739199926771114,-0.3205232895908827,0.14344750440206747,0.05473424057011082,0.6676247023463977,-0.09213167835118148,0.07769422626529421,0.06067506866493848,0.1735911212764788,0.46512030155615747,-0.24247776693838569,-0.0680423364576626,0.25182992250843217,0.027847270786840017,0.07726634585234508,0.18199900271670294,0.10817586004309214,-0.010287521949663217,-0.028780554492076747,0.03771022334899652,0.42217167261905303,0.4084892790169986,0.053068717562386396,-0.10941437396475362
SHED_DA,0.5159598574835412,0.4202907416794931,1.0,0.41693662443458285,0.20012444747913477,0.7682526017230492,0.2677367440512288,0.4506315878896572,-0.0059709543397357305,0.7670589049094709,0.2977046454526748,0.13380296190790417,0.621956254983268,-0.1212840616872796,0.131146646948708,0.6387525784096932,-0.32644489786853004,0.28405235808741597,-0.0032995826469152064,0.18260259864915399,-0.017154611496049584,-0.2873834361933997,0.018764668541615404,0.01318273915906918,0.08246245751659288,-0.0041448926513102695,0.4088834538939318,0.18463138303587728,0.1404790764292078,0.3066767614145273,0.253396770217999,0.14152998245670736,0.20945131664092687,0.3359373780465679,-0.35889621070181876,-0.014379422823183786,0.11024280717519108,-0.2303806463122133,0.1295387158406288,0.29883791291192935,0.27806111882704315,-0.3175719876523002,0.39506513792132986,-0.29159784529605687,-0.008614822056944442,0.05817751266757174,0.11327208459144283,0.0909005404505193,0.167509552612685,0.29029626604018877,0.3388632701717672,0.29847004797864424,0.22386566569306732,-0.19846402396493384,0.10549604878290254,0.22138305458448385,0.2299531125974991,0.4946921962583297,0.6819775896746108,0.07023460867751347,-0.13039669675508314,0.5769692503369797,0.025560220376417454,0.3228351452224674,0.41543320858287996,-0.1647190815173214,0.5637849403914044,-0.12447879339730382,0.4657160830565689,0.22027991615269993,-0.04537183383854176,-0.16105562850986255,0.1987659349738506,0.21211211670384125,-0.11533309359497226,0.17631034434187154,-0.011481294243910967,-0.23250733047551397,0.23482055629955817,0.022147854371679793,0.47298577773681794,-0.10610833168174992,0.041262883976338524,0.03233297037235252,0.22944535698079155,-0.03001437057163729,-0.24315204588196251,0.03410746056663985,0.2659681379935445,0.19184102911588727,0.0697373368202643,0.03570698241663897,0.20738983086074594,-0.013896782675544514,-0.08160356403733332,-0.1277073472542964,0.39313831417145034,0.2772668853756135,0.3920977007938965,-0.12536435548991043
SM3_B(s),0.8077723895965394,0.7685693946290627,0.41693662443458285,1.0,-0.03993050274001306,0.7111007346507178,0.2720959532864372,0.2676143457902577,0.4527642995527731,0.5974131274259133,0.08562303771293392,0.0288202549364527,0.3351956170162898,-0.3838855547879523,0.20665063665752906,0.677844197016357,-0.04618865922747887,0.5489265577432451,0.01337323918336103,0.3089922121094791,0.23408212077455393,-0.6050422425020672,0.20366716755872125,-0.02688402924943464,0.06553926929761282,-0.08748218512752659,0.43671482409458545,0.31005751882543037,0.11264803798551819,0.3886364287478575,0.24426037652365476,0.21272300740518227,0.8570454212028437,0.6747367736701673,-0.42813452196180657,0.5555089018048166,0.22487383073683648,-0.5885965762496639,0.3210675161867575,0.32818169193503666,0.42612894109035615,-0.04268590697974811,0.480338653859493,-0.18850198243424462,-0.13280176829033463,-0.03530403030279927,0.1123440648263857,0.020150455392661984,-0.07018990542546676,0.30609921772936666,0.6011436483540651,0.44750267446569403,0.11701723629393357,-0.15940699441777698,0.5127724169924389,0.05883690838596032,0.11126597773648234,0.41507793287644096,0.6553421247126976,-0.06680690781392275,-0.41654190577517475,0.7083976268565533,0.03831608914747449,0.8075208678971039,0.45924574673506685,-0.056305283222344696,0.1654487992317686,-0.008442925444116458,0.40112482443089154,0.18913385932547974,-0.14329782613849942,-0.1861048134093935,0.24284931160885007,0.04671969838439403,-0.18839243533358493,0.14216073450914174,-0.11535650824622751,-0.2853898802979664,0.16889944847987695,0.07232390163715013,0.7203951087440658,-0.025765645613499016,0.11361717233872975,0.13961455203327422,0.20014681629035488,0.36922880030007904,-0.27475802443958997,0.039061465573732655,0.34627490269442707,0.08993648805492235,0.13918233815659384,0.17879595825739814,0.17298763444845192,-0.03260363855804861,-0.1439325672704746,0.15575795815110569,0.47753440052201296,0.38082087160221256,0.041700145785103615,-0.11604583564448645
MATS1p,-0.11509572699559964,0.01372031914547302,0.20012444747913477,-0.03993050274001306,1.0,0.16182345895450842,0.1940682777747917,0.1346201159497173,-0.07877391176865599,0.1661440393528886,0.10245043329063763,0.40397041081651247,0.04012339336885223,0.03401259725717766,0.3558979670860326,0.13597592092206828,0.23360453981093957,0.15190040841339192,-0.13745033347172142,0.3819852139736575,-0.3759083106423721,0.029355425426752863,-0.1319385524135348,0.3022170589795832,0.02490281938319472,0.1383822728363458,0.08736363087052577,-0.14033278804848281,0.4537828820089167,0.3228190855854002,0.37981893643814985,0.3641318257742463,-0.1298769397376885,0.030112732081634147,-0.32526206105586014,-0.4335234043664985,-0.058370797886493325,0.31517643889542096,-0.05583714436950387,0.3453776900193714,0.23589556737313255,0.22011318450650402,0.1618603061814081,-0.6125882323416086,0.3176233499519266,0.4315657129792648,0.2291884126523099,0.2524359460326646,-0.3163226290054935,0.36792593237881704,0.022486297559378702,0.45992005241351724,0.41923680552827197,-0.2887644650072843,-0.30741700228092383,0.023742017323973352,0.4530949754026968,0.2978525673314347,0.08949673883438292,0.41363988166913995,0.32627719198418226,0.12402040763310113,0.08578742574721547,-0.13022523771653166,0.13783181212501125,-0.4166875420505884,-0.005522497878565292,0.4709591471302859,0.06624853614549,0.1414348609553535,0.08576860804262429,-0.3700451289093459,0.19945883264928974,0.07085220965589252,0.6242452036686509,0.3065242674067004,0.19694615182772035,-0.3876069952275482,0.399592708416517,0.10867732272665274,0.24592514117221098,-0.28958377224541715,0.009362752511651811,0.03822053965550191,0.18911214392864859,-0.139309716760779,-0.1448825684888508,0.03577336561860318,0.15773927770493798,-0.019334564940223477,0.14275457805828964,0.14044462964131652,-0.00978846325722089,0.3220753684778102,0.156843984757817,-0.1897378877086544,0.08206761437762233,0.2685939473215105,0.13370761458107996,-0.3944606703820537
P_VSA_v_2,0.7670301026798348,0.6689435078835501,0.7682526017230492,0.7111007346507178,0.16182345895450842,1.0,0.18334626601783396,0.3826241780255637,0.21030407533490494,0.9097310805281362,0.1948028039236386,-0.005982860733701847,0.5234049737079699,-0.1823029771357617,0.06024856972969542,0.8698855123159042,-0.3845436137106642,0.3784305808762453,0.031057757065876938,0.18099503131430747,0.056064619827053554,-0.46465239075376596,0.08033012863433155,-0.18712825735304797,0.08116184859675478,-0.0430944248955875,0.49317368889689467,0.29252019074454527,0.0932741735978476,0.2809623133512543,0.1874088698125467,0.19035261610109155,0.47409863916507766,0.6641707853181495,-0.38478212449413635,0.2425766384921691,0.11087987250984373,-0.46389382295945236,0.18219891623243506,0.24507455221456406,0.27684303751313405,-0.3714936203804279,0.4715159351590292,-0.23374005997854963,0.03339790332377294,0.016302877413550514,0.07007849606246636,0.008939730591280389,0.2354735257507198,0.22523918550688046,0.6067834463918697,0.34029755083196006,0.12036171644621223,-0.11645700705479395,0.3342117672344763,0.1285235048958593,0.1443268295719137,0.44332118940846765,0.8114307999333753,-0.01871111606771567,-0.37608855472842595,0.8896713448872043,0.036851035202747184,0.6384249011332918,0.6014780555527238,-0.05794385357702245,0.5768507862767137,-0.12327790544917874,0.4929114547592912,0.16333284611722307,-0.05397993564004146,-0.14508862473680825,0.16461836232321125,0.12652572987474622,-0.16393103534063946,0.09948931650954353,-0.020084441707262233,-0.20407496349814588,0.1359755104675522,-0.014816072184303699,0.620743671736156,0.023891922776631245,0.13270700554921516,0.09694853360746047,0.21534641773009958,0.26339128653118715,-0.24339022684252748,0.04163664402269002,0.25269807218009044,0.17529395379993037,0.08003505824760285,0.0769446958115779,0.17713708031808426,-0.17587781648735784,-0.08895977384351708,0.010218537866789557,0.5263857288346968,0.25726655037226404,0.27526716188108846,-0.10963266358547574
piPC10,0.23948280646795078,0.21039168124942034,0.2677367440512288,0.2720959532864372,0.1940682777747917,0.18334626601783396,1.0,0.4755592424109293,0.2055183060387718,0.26339679493116686,0.15599943900108434,0.5274444777952522,0.1475464404129489,-0.07995711445211633,0.7177259945680986,0.15003013017937245,0.4311639956107424,0.3722022628871516,-0.012762111572071988,0.44234748110208066,-0.16090424098590186,-0.2048464395382024,0.2115422790006791,0.5651017275276313,0.27982750125214273,-0.040451521082918496,0.4648948937854587,0.10942220730678535,0.35184646254230734,0.6343772324584261,0.6035655192267415,0.3107489151576132,0.041853254509197184,0.057034321635516194,-0.4217037686477409,-0.13779941699026918,0.12827900235767492,0.06166088835513675,0.06763838997732328,0.6948412104175619,0.4292770385065769,0.4210073263719992,0.676265370120821,-0.32662598533042364,-0.13468653600498404,0.24746495514532865,0.24435650796776873,0.287223740455715,-0.5934062510927245,0.6567735340127723,0.03907306699635993,0.5203309994748393,0.31486114723346625,-0.5849906462903333,-0.10471984490194819,0.07879284853249403,0.2512021992075995,0.3652931638504037,0.3007940142032816,0.3348033872929159,0.1874774775859384,0.07240591904010356,0.12745513897502192,-0.04315793862229235,0.3685794723705316,-0.4476121516820859,-0.03163092422244266,0.10209062864703587,0.2178970743732837,0.5623474250250643,-0.19117720300411167,-0.3913174776529227,0.3757839294212195,0.06704052719139986,0.1437633585232553,0.4740020034356522,-0.010235686405755874,-0.5119400924825102,0.4316201303151522,0.4882791693883136,0.675646530076909,-0.4118037614002867,-0.04973390669594509,0.1699081180547792,-0.02454753099229046,-0.4019241712992242,-0.6410927593337465,0.13081537527165796,0.41820574887842527,-0.004877482684970242,0.09526479822900095,0.23402034775892802,0.6609201521572389,0.6427363564383465,-0.18756679706714988,-0.017663691158704295,0.13239015056883102,0.499975313187982,0.14187238166025445,-0.24269386924747147
F04{C-N},0.4614285676402243,0.2467737469220614,0.4506315878896572,0.2676143457902577,0.1346201159497173,0.3826241780255637,0.4755592424109293,1.0,0.16494736815251979,0.5096654430851578,0.2740496015989555,0.2604627323672284,0.4148511871138119,-0.15223641645850408,0.3249008027002193,0.3117486307270788,0.0754263971853197,0.29837105557363647,-0.038789270914602325,0.28256610020506884,-0.01751856368847318,-0.15954090253377415,-0.054697384479337356,0.3500412206709948,0.26004329118511926,-0.0362558964307035,0.46907990262567334,-0.07110186093213995,0.23100300738376175,0.431835251042611,0.38536808500354264,0.19863437541246223,0.061134652726437665,0.20357418456711834,-0.3229614284265424,-0.05601804080477148,0.21801028598326838,-0.03989939659223175,0.07660731581539686,0.4407863293235306,0.3694398472489987,0.04719202944838066,0.5645212185104511,-0.25648351978831735,-0.17884312487488185,0.1290465682386963,0.1800089369998386,0.20613163564602552,-0.22164577337716235,0.44560461405534224,0.14446025223249637,0.3647251341048973,0.20416220483890002,-0.24737300758429587,-0.006911227756403942,0.28798331509892217,0.17872180147565664,0.4166762909141348,0.2527515158474369,0.16928326860951448,0.0897569160464689,0.06481511047894645,0.06533159203993208,0.07076463089381932,0.4789664007282673,-0.251670287862489,0.21560284616113243,0.03339231900084525,0.28228839295007546,0.2700130023207803,-0.08099167194433086,-0.2414279459208749,0.3156593824908577,0.1385064778679183,0.10073155542572342,0.2543085611214915,-0.003923162471373457,-0.3153237592034586,0.2592534319577972,0.05066176463498979,0.5154376985182504,-0.16261884953398453,-0.06984256627690416,-0.04568230240064818,0.0874492041687021,-0.15228867893806888,-0.38611274655591166,0.06601863821366516,0.3643885673256248,0.035819483549858144,0.10434269178270446,0.14443861177176334,0.38786862766082625,0.312501825138914,-0.13273038456745143,-0.13141684160216605,0.06685180235499122,0.3880348827284177,0.384377700434456,-0.15513242667815616
P_VSA_LogP_5,0.5997877785501968,0.4512367198661622,-0.0059709543397357305,0.4527642995527731,-0.07877391176865599,0.21030407533490494,0.2055183060387718,0.16494736815251979,1.0,0.0214777593724874,0.024666690885648462,0.003946519113837037,-0.05428751814930264,0.06472925984366233,0.1014995127971298,0.2976728299147505,0.19969650739506903,0.3375888656470124,0.0015247813315266605,0.11716116211171311,-0.017003949364530358,-0.30283818358066833,0.32123430096176475,0.1655994528410507,0.11466898491084646,-0.042701184713304786,0.22055690865573108,0.14107307496490804,0.07096664112981542,0.175735342748156,0.10338432842691095,0.059520944652599925,0.25553507740036596,0.5722041473515654,-0.3178905221222097,0.5214555547976603,0.09129570675030405,-0.27773429750193096,-0.0684146714959105,0.15379749876490226,0.27614213074346566,0.1666299792404348,0.4081174439502018,-0.13280584986782798,-0.23562525112810348,-0.09566991758758848,-0.014570275125156604,0.06872011848492197,-0.28600035058123624,0.1708648775319606,0.6006745257147302,0.2866485618083445,-0.09734654548733629,-0.1978300862819352,0.4858557198046283,0.039618269392042306,-0.09993812658367628,0.10938459501986617,0.3007127252462336,-0.1633770197791158,-0.22103850484745705,0.15630761448244695,-0.0069771556146061495,0.38340648077736605,0.1816927309244379,-0.006994709057948256,-0.10638495542121823,0.051646401784071184,0.1464645449376424,0.20486889910765496,-0.15617057428051534,-0.09196786173934983,0.13573278265328811,-0.13667446970180572,0.006579239750871588,-0.04652089950394772,0.016192379535791855,-0.14577671343208737,-0.06448452382376119,0.10584738816414181,0.4121178833109856,0.048947383220551394,-0.1420284109384057,0.09754350388432075,0.014228141848511589,0.25265264256603287,-0.1613251888559304,0.007661172694754862,0.20681810222030406,-0.04058985765947107,-0.08062042572319424,0.1123183431737866,0.13351506503089383,0.13620620195578828,-0.13312050715367485,0.09613422753512077,0.16448568588784304,0.2749040081164334,0.0029033999441015535,-0.1125535098905948
TPSA(NO),0.6568917253535245,0.5103103935236742,0.7670589049094709,0.5974131274259133,0.1661440393528886,0.9097310805281362,0.26339679493116686,0.5096654430851578,0.0214777593724874,1.0,0.24995122304557568,0.11805122501032599,0.5809898635022746,-0.2695489907256333,0.149784502018559,0.7479055158615087,-0.3659194033489185,0.34785851127687406,-0.013491623998186698,0.2430967168050762,0.03992830442458162,-0.409115485461164,0.18584304398495916,-0.03360168942544426,0.09045107549480028,0.014303082451634268,0.5543005281411411,0.3472420873600522,0.15610516928082008,0.3862665243564231,0.3048094949837959,0.23563302976584852,0.39780392259709746,0.45425715588692145,-0.35497463339553653,0.06162911765170085,0.17452665522952068,-0.3605695171716606,0.2613957492140718,0.3529439144615609,0.31635914980598184,-0.3622062413417224,0.4874218129864629,-0.2829573942978124,-0.004584053985876202,0.09122684919690272,0.18889824429262508,0.11181457225317351,0.2223821132554038,0.33973844441272644,0.3446493777929593,0.34665096317451793,0.24448000002320064,-0.14754703305176778,0.1421031108063522,0.182205426374083,0.24875935027860768,0.5297047600905136,0.7392206768955271,0.10992342101853186,-0.20601737177742427,0.7212695113601492,0.028117724748153064,0.45668946879255634,0.6447075367191646,-0.160461547877145,0.5179036207677282,-0.049150061523644255,0.5115180594106198,0.2400131157236341,-0.07539914274923003,-0.1991621475111345,0.30258443693588166,0.203812182868341,-0.057263628152154356,0.16631708989556218,-0.0204583954104629,-0.27311101509100255,0.2574832836314922,-0.006328609699069171,0.6032022101946245,-0.08653821736672834,0.18962651190800528,0.11274180016673271,0.22470830448767076,0.08360468174890902,-0.29565310250481464,0.018331635416434008,0.3778976245095166,0.18398169542672183,0.17124402196728855,0.03154708019666324,0.23786374530338097,-0.04326551269316323,-0.08896862274017409,0.07562106184963889,0.44733349762305,0.29793233661137986,0.37130057270940575,-0.13409199630044166
CATS2D_04_AP,0.1611703748589329,0.06894250512010078,0.2977046454526748,0.08562303771293392,0.10245043329063763,0.1948028039236386,0.15599943900108434,0.2740496015989555,0.024666690885648462,0.24995122304557568,1.0,0.1053689131728511,0.17814433102283242,-0.06729628633420631,0.07607491683704445,0.1687082587783164,-0.045598108983740615,0.09990402093739341,-0.057963940933742006,0.07688797841287869,0.022083110017615388,-0.08993644511260761,0.022808637749074694,0.13795095636338128,0.062277178413823235,0.006893662564203518,0.06802285445741567,0.012027895323085172,0.07128812521036369,0.13529063098371868,0.11715941889126613,0.06381086690092232,0.02162897192505611,0.02969136843501936,-0.11320947811469763,-0.06024302103986712,0.07757363745601834,-0.0274010090595095,-0.029043209280843814,0.12336521417896576,0.12927310021592625,-0.06010976401793284,0.12767268180553007,-0.13609573050105844,-0.03448544160919461,0.04089995513094045,0.054354361443157806,0.07098448555495385,-0.017323569882405385,0.14461554140618818,0.03148331172198888,0.11134867568737457,0.10965471813346193,-0.02413231129220272,0.0002138291291079022,0.007509184731711702,0.10719097406490964,0.19778176121599392,0.17114871588459402,0.04342058404926874,0.015357879275071219,-0.0002301786254809237,0.004129903933647171,0.030962273396739754,0.037763160264776476,-0.08945291461778729,0.2297344252431231,-0.06443430505413039,0.1712828137353976,0.10133918226685251,-0.036862758267950387,-0.081322855606965,0.14061293882552134,0.04463051466267885,-0.04750615914000866,0.03958070003940456,-0.0046806373789317094,-0.10200857582734957,0.1121235253814516,0.030096070253293312,0.13138361232814713,-0.07645566826358315,-0.023463234179242294,0.16908561473762954,0.08040336348439903,-0.06967256888971009,-0.08270012349758381,0.0028131107838980534,0.15522336585900467,0.06397792085934381,0.09498960983967561,-0.009199655440725922,0.06977125480403107,0.06452406949680092,-0.04341894295407313,-0.0576312920869143,0.026056758316629323,0.11681869920987897,0.46860075945375607,-0.04715645778679676
SpPosA_H2,-0.04317461601431076,0.07854822989142864,0.13380296190790417,0.0288202549364527,0.40397041081651247,-0.005982860733701847,0.5274444777952522,0.2604627323672284,0.003946519113837037,0.11805122501032599,0.1053689131728511,1.0,0.015874434964201836,0.12774683364980022,0.7398486732744893,-0.11842123332169543,0.3873086522994372,0.31223068215463234,-0.26118286869513907,0.6904135820329357,-0.4523807916268748,-0.32206307911371146,0.21070988963006057,0.7566480324526649,0.04672298649284203,0.0739785256637538,0.26023865308528155,0.09699953048639683,0.47639286152831406,0.7644791626779495,0.852486249702039,0.6247768607888123,-0.15494550407701138,-0.1617952393433035,-0.357414939430857,-0.4783555668402778,0.12794134551110492,0.16863878452747305,0.058892848116260305,0.7735617879500896,0.4549105851830777,0.41242736398096586,0.35233544303760767,-0.3731067792511415,0.05878618688483299,0.6472103682040545,0.5808268658055478,0.3640699342493727,-0.5455487588741975,0.7931776180276049,-0.19246730546257718,0.7025504047213291,0.8013592376276097,-0.5488926517471803,-0.5086142484866053,-0.004198815193800991,0.7248518793462703,0.45431208133256074,0.17683237069304358,0.6858481953368238,0.283793178914498,-0.0736623139346922,0.2175860309377052,-0.27524861413001067,0.2149390722681864,-0.7497938291124064,-0.22907053353214724,0.39195638266285177,0.06998301755364225,0.5936987465655832,0.010068918587718035,-0.6508654312559806,0.4735572824705371,0.11340614882209975,0.39956381800734486,0.49937375899901343,-0.06667239180358529,-0.8324146817175242,0.7963919534290518,0.26360056575179763,0.48905276564771,-0.8947386368881135,0.07411126390664843,0.14408445626412297,0.08796067829692657,-0.35911791719154595,-0.3273769069706193,0.19968445119446993,0.5272128609197587,-0.1130051831346441,0.3707929341382684,0.1113602234306006,0.04481221989935217,0.6447246830375943,0.11684928509139432,0.024317328129907653,0.016767287796351563,0.36469650185607655,0.03557698615688965,-0.6191617793829363
CATS2D_02_DA,0.41344500429617675,0.3628731078283695,0.621956254983268,0.3351956170162898,0.04012339336885223,0.5234049737079699,0.1475464404129489,0.4148511871138119,-0.05428751814930264,0.5809898635022746,0.17814433102283242,0.015874434964201836,1.0,-0.26786292630716024,-0.00565642134356171,0.39652729086169913,-0.30744528448226394,0.2329128232036955,0.12079139747816564,0.07761540123996571,0.23340701796133614,-0.195480260363953,-0.05429224102991491,0.08280431014152825,-0.020668496386249947,0.09269954180383103,0.2796553243568657,-0.0013338093795129743,0.06517964709743836,0.17936967869351572,0.14434248648012088,0.07156981385209481,0.21217362237902856,0.2779897023413826,-0.28890707098212104,0.026957040471175628,0.08464274304543702,-0.19156566208367692,0.2822182654958372,0.18837915731177324,0.26496784573553994,-0.2939146339356177,0.21584158519219748,-0.2407081617599092,-0.024254289142608878,-0.026319756796963186,0.06598252348245576,0.058010241179190264,0.18314125784653837,0.17812062648612956,0.23181118425066316,0.16086549414124504,0.08939317611940158,0.0338936433904073,0.1445323114428618,0.3795368883482957,0.10060005799964687,0.35932740987606293,0.4308249499290804,-0.03398886270882665,-0.09231982314530367,0.3172533431944086,-0.21578422153268428,0.27771009554122505,0.24170059196197904,-0.045919458080626245,0.4354154607467365,-0.1536878912504588,0.5470164933486303,-0.015565591404346293,-0.03343865709094094,-0.039373341228966255,0.16968706445166046,0.3185270973784088,-0.16817501223518164,0.07331324542013297,-0.02638456614689591,-0.09016184034422399,0.08748628562902587,-0.004787967843063435,0.294467208207588,-0.022384141336532024,-0.033946357280787126,-0.06596947588324892,0.1751127595773545,0.013645922680093237,-0.17913982806462667,-0.2242443382343706,0.23069296000283823,0.17186035984750123,0.07030245693116312,0.06870525065341586,0.13989093039094316,-0.075386616354299,-0.12796672673657203,-0.15117211283175472,0.2830402419493672,0.2510796603848556,0.3178557609245101,0.062766713981552
GATS2s,-0.15492093051102424,-0.1149603076262411,-0.1212840616872796,-0.3838855547879523,0.03401259725717766,-0.1823029771357617,-0.07995711445211633,-0.15223641645850408,0.06472925984366233,-0.2695489907256333,-0.06729628633420631,0.12774683364980022,-0.26786292630716024,1.0,-0.08958391504393079,-0.14807581654254737,-0.0675647668384296,-0.2582261389394017,0.009598624283152765,-0.1059513982401663,-0.41444757096948664,-0.021873099268157527,-0.09461348631968777,0.01761731367629969,0.022134343433732537,-0.04867336245016746,-0.17807425375788077,-0.16324793270439777,-0.06650105273119145,-0.16779468234417952,-0.06921394383431585,0.119628135667869,-0.5171768559018056,-0.01959270251575882,0.10184550580248386,-0.1552722068760825,-0.4799630014095449,0.018129438510468537,-0.3072761145304051,-0.13552535906118063,-0.16601260450515204,-0.06338324211037205,-0.09627356788862002,0.02881082318926848,0.29199019949654376,0.16601512154293158,-0.09906799646800049,0.03567146895399308,0.04912166068125211,-0.11145566502659003,0.07758007842030518,-0.0031090476538003834,-0.06055291466566563,-0.10096410046999411,-0.14290317616055578,-0.11299364977371104,-0.01646745502015931,-0.09300288865001581,-0.14520479935434033,0.03694848398126609,-0.08974617596488045,-0.14518467710194158,0.2054936293870777,-0.19231264181348393,-0.1641643043339937,-0.06166523933298864,0.03801766234292037,0.05249069638616717,-0.1426128067473953,0.21377746589016905,0.05302163372895805,0.03392038555808512,-0.1328849564870617,-0.09175240894845242,0.08454381998620174,-0.1038368152665516,0.07397029145113578,-0.0026687401842048256,-0.10449736354686015,-0.0010253545297476219,-0.196282926847419,-0.1259915978032056,-0.04909558759078927,-0.060110783404805655,0.10478314343703038,-0.08492641490028453,0.11435998831411787,0.25242771014605925,-0.13051830621805685,-0.1264399245951379,-0.17991895352989534,-0.07905820400370216,-0.07251443009196984,0.014889017276872104,0.26205901977050344,-0.21767154891229828,-0.2611829093083082,-0.2625216111859489,-0.055617475838890804,-0.18801852163644792
nC,0.039206908912826695,0.16564160977352496,0.131146646948708,0.20665063665752906,0.3558979670860326,0.06024856972969542,0.7177259945680986,0.3249008027002193,0.1014995127971298,0.149784502018559,0.07607491683704445,0.7398486732744893,-0.00565642134356171,-0.08958391504393079,1.0,-0.016611867589956735,0.6738465508465483,0.43358345489612765,-0.09215028594000561,0.7890280733056625,-0.24921424388412156,-0.21120151742167909,0.2903247411511972,0.6008439993196044,0.20071423293149077,0.07460006820837382,0.48652690456992226,0.17349007023491425,0.532631076569433,0.836455500867542,0.7886211220596632,0.6167088252541719,0.03791384019275042,-0.05310762291945947,-0.4596292058596169,-0.4081590543206485,0.20860804160443788,0.16559518597093031,0.13803937595952334,0.8542224276607323,0.41069588024322945,0.6953797151840113,0.6094210896679734,-0.1671512175484625,0.11069948167354571,0.6275322863302427,0.527708852417988,0.17383202017800556,-0.7758539977691383,0.7794328804882283,-0.11196929766924761,0.7572068506297435,0.6699749291046251,-0.6465024056445264,-0.45212870696706,-0.0216166315801593,0.5734895658242587,0.40069747921932725,0.2619859123370394,0.7379703824787048,0.19939166849258028,0.03855119961548175,0.18398988617567918,-0.26493550436153024,0.3778489709822194,-0.6327648024443695,-0.2850216988794051,0.3298338893696104,0.072315752453711,0.5435765277118124,-0.14528213114885677,-0.6443287790576913,0.23726452477527615,0.24602481121249203,0.3877044724712427,0.7811642359594847,-0.0394961108998007,-0.8286668738104889,0.8012132805104384,0.39469818001742973,0.7082796230417598,-0.6199209038670702,0.20805009939266889,0.1663909821969427,0.038331304953991,-0.18447006414154035,-0.5014020417632362,0.1822601722683131,0.27864108209116717,-0.10245852650901047,0.31113664862544105,0.31829593313139387,0.3533323493182811,0.7179327854403352,-0.029368517257914246,0.13869953059029494,0.22024052749233045,0.4387353945806891,0.0005265247632912155,-0.456664948076309
P_VSA_s_6,0.7530985596033192,0.647759936045437,0.6387525784096932,0.677844197016357,0.13597592092206828,0.8698855123159042,0.15003013017937245,0.3117486307270788,0.2976728299147505,0.7479055158615087,0.1687082587783164,-0.11842123332169543,0.39652729086169913,-0.14807581654254737,-0.016611867589956735,1.0,-0.2676130882089478,0.36294406941476615,0.03440869015905813,0.15695046158968756,0.07464177257589888,-0.33553858620266763,0.053642514603826734,-0.1749464172080661,0.0652799660785329,-0.077933150501698,0.4417191651411781,0.27617287345001174,0.12743551872295744,0.1944378287253292,0.105163909110615,0.0593789249757499,0.41553069735257536,0.6953321496137023,-0.3838663652738191,0.37767212531255445,0.044974540973340214,-0.4415408760794858,0.0516329791492526,0.1680690414210512,0.27102629109563725,-0.2717422321324311,0.47935685445911497,-0.3086786802947459,-0.024493038508682136,-0.1218789363396469,0.010594171165977127,0.029849577870367516,0.12494433710560195,0.15575058327124816,0.687510394969868,0.3262362971611598,-0.006856852427733582,-0.08940525993598683,0.4614157828160061,0.037074730929576645,0.030564185745591603,0.3969723654510524,0.7199045053246967,-0.1597835621927977,-0.29290303963828507,0.7954394194247122,0.036893637886694586,0.6314262372806378,0.5286125061650058,0.0452688511729805,0.5021297048497485,-0.19420573928869267,0.48095437315307493,0.14659218634156945,-0.08500715275390855,-0.06790861521657737,0.11518207305054104,0.051523645916452324,-0.22872887383661694,0.06864455086840195,-0.002122998198381404,-0.1057155962465494,0.01007515553831161,-0.03060928294990334,0.5600653416920348,0.17182726323544717,0.07947361044125231,0.11502889433823783,0.22219292950398029,0.31620106292977906,-0.1945294176685605,0.04571607528520028,0.1973911090276132,0.15266040135285208,-0.01747249573299951,0.07023017637012773,0.18434592806400724,-0.17259372450025795,-0.11147188111275054,-0.03195573215137174,0.45421160002723143,0.3236384395117437,0.22198072551273065,-0.054406569344927914
LOGP99,-0.1944866238823235,-0.020396103104812376,-0.32644489786853004,-0.04618865922747887,0.23360453981093957,-0.3845436137106642,0.4311639956107424,0.0754263971853197,0.19969650739506903,-0.3659194033489185,-0.045598108983740615,0.3873086522994372,-0.30744528448226394,-0.0675647668384296,0.6738465508465483,-0.2676130882089478,1.0,0.16473465942549173,-0.04020099366181476,0.5360217407710662,-0.0750305241370026,0.14732804056826954,0.07952867506476806,0.5040143789864229,0.08818480919907977,-0.008294499183364898,0.14198711543431633,-0.08424726853313443,0.4409384473643789,0.4607463225336518,0.4198843353859332,0.26528766008651034,-0.11322980080170314,-0.10456158145725115,-0.2617857818221555,-0.15949086585420405,0.057472234637063385,0.3355662398588966,-0.11557940151766287,0.48101316581319303,0.2218355642362145,0.950817578568293,0.3128955768861454,-0.0365077012288539,0.0712020341595012,0.2965694584509669,0.2727011754300221,0.09352073171212001,-0.9312588172949694,0.4306137484920051,-0.07851647346069326,0.4394006612081786,0.31454306706523255,-0.38398854287350637,-0.22112197402004025,-0.0654775774786049,0.20498470016120518,-0.04473522411641967,-0.23868149126842295,0.40717363763695513,0.3159602037359091,-0.3240163723838626,0.10733620688626316,-0.3712085841611382,0.06196847198462515,-0.3487655655525848,-0.5501526106184458,0.22861603009795295,-0.20401044966676987,0.1446620676588287,-0.1333121326001205,-0.38822347793803097,0.024211647237303242,0.06311572916843054,0.3356078659677554,0.5009089568197442,-0.026894991499088514,-0.4886195048290847,0.4328027079654285,0.2786314056268042,0.3202419592333637,-0.32941153720490673,0.1064257587781262,0.0683047726517482,-0.17801321306209272,-0.0617851310910347,-0.29753037824485645,0.0935077750795422,0.008083760822048057,-0.1282672533731414,0.10477789027304169,0.21847931082916555,0.19915117193209209,0.5707048813659352,-0.04681197580792051,0.015884784124135454,-0.07473234352350307,0.3603364207934796,-0.189162382957498,-0.23039270143579407
SM05_EA,0.48878591137548333,0.5572681311928083,0.28405235808741597,0.5489265577432451,0.15190040841339192,0.3784305808762453,0.3722022628871516,0.29837105557363647,0.3375888656470124,0.34785851127687406,0.09990402093739341,0.31223068215463234,0.2329128232036955,-0.2582261389394017,0.43358345489612765,0.36294406941476615,0.16473465942549173,1.0,-0.115829179216124,0.5502861895501059,0.16763585058281333,-0.32687931099769,0.20472580316772135,0.3826067801933703,0.029029344320068987,0.2502519736170609,0.3370255863303713,0.1898356793730594,0.3359811912860435,0.5499883102510239,0.4876189942311412,0.3693921167757409,0.3216821172672544,0.35956708731293696,-0.3931262637262408,0.12415403509083177,0.529219917820507,-0.18681410572904475,0.16046700112729279,0.5704462840265785,0.6854453280105761,0.12311758738165457,0.4180849503206367,-0.29006515409557726,-0.30843550826519117,0.2038591271803137,0.25314288151599396,0.13023197705364334,-0.36810867678087955,0.5584753736997635,0.3232558952031726,0.6361266199985909,0.31727845748651745,-0.2376071621405115,0.11881255811486076,0.09286821154873673,0.28469796178354206,0.4820686311049129,0.45296358583139373,0.21371779054927484,-0.016821370500404557,0.34000201110045386,-0.08149141649206332,0.28162539691112504,0.32498662599428096,-0.26570010469631417,0.008212431415772482,-0.0222729671727963,0.2742171423732479,0.3048023679928434,0.02192663283547805,-0.35270488345014095,0.2868986205936758,-0.04281665544101531,-0.004209926081263976,0.36909701678395673,-0.07262552703387183,-0.4149914597909478,0.3576804574521479,0.18484513942684253,0.6245858003903744,-0.1353210108121323,-0.25865286456283004,0.1179563587543507,0.1486221330044134,0.19142324516161768,-0.33786649180370126,-0.09647399006078036,0.4058661968346659,-0.04397926488440621,0.18456183951225766,0.3385768212387813,0.09289680677502157,0.2611478078695721,-0.24763502953269229,0.06698667947388581,0.3433286657562167,0.5503040543951916,0.06143851972926598,-0.11949025104279204
MATS4v,0.058023178991379654,0.024575020080095787,-0.0032995826469152064,0.01337323918336103,-0.13745033347172142,0.031057757065876938,-0.012762111572071988,-0.038789270914602325,0.0015247813315266605,-0.013491623998186698,-0.057963940933742006,-0.26118286869513907,0.12079139747816564,0.009598624283152765,-0.09215028594000561,0.03440869015905813,-0.04020099366181476,-0.115829179216124,1.0,-0.22219972984902917,0.2409570475429373,0.010586806603934991,-0.08478973531203766,-0.15677822744721953,0.01641251174452328,-0.07756964974982011,0.01310451713988013,-0.062701768117166,-0.14148417181846418,-0.15204820140752864,-0.1983306622235361,-0.11509042603067099,0.05191833127182295,0.0735277165051814,0.053671186567782095,0.06147379247463835,-0.27705243096829013,-0.06135216486323226,0.007629454714787973,-0.15448710000436425,-0.19238515050530344,-0.007082264119932546,-0.007357787096780944,0.15249949432033852,0.17289703394238806,-0.13333458481931154,-0.20843259350827717,-0.1554940384547567,0.07541647475880159,-0.20393047168452638,0.08217310278734301,-0.2332403885365306,-0.22299631245429463,0.13629122962812104,0.11064703052195628,0.011900983037828614,-0.199282565604881,-0.15806811226155656,-0.03394968644211657,-0.1367940933026692,-0.12056177942597716,0.04259674604825101,-0.22068710135293101,0.05545014529038045,0.000446847251629176,0.22646533639574068,0.09577839919212523,-0.07938224223017398,-0.02379388803521566,-0.14266399953159273,-0.24856542383748856,0.11239492498984041,-0.1587747901769474,0.060466912768764765,-0.14321381213620327,-0.07118766436090707,-0.05744906298472432,0.18119352416146256,-0.1883587029326509,-0.042038722585385276,-0.048269408171584614,0.11639512224153727,0.007935014162795637,-0.01035863756820062,-0.04759445451299876,0.06385935914173015,-0.006373879689482171,-0.10498686637717951,-0.16599786586067483,0.05929855413296594,-0.10066701622507837,-0.02448497375889486,0.1430979453122022,-0.1726017191297839,-0.19986293774547897,-0.03272122782875422,0.010821993189811824,-0.12318990271983933,-0.041678890581192965,0.2743690467423783
