,SM1_Dzi,SM1_Dzv,FNSA2,PNSA2,SM1_Dzse,nHetero,WNSA2,TopoPSA_NO_,WNSA4,SM1_Dzp,DPSA4,BCUTi_1h,ATS0dv,PNSA4,AATS1i,ATSC1se,TopoPSA,PNSA1,AATS1are,ATSC0c,PNSA3,BCUTc_1l,RNCG,WNSA3,ATSC0se,SM1_Dzm,VSA_EState3,SM1_DzZ,SlogP_VSA10,Xc_3d,Mor21v,FNSA4,ATSC0pe,AATS1dv,ETA_dAlpha_B,BCUTZ_1l,ATS3dv,ATSC1pe,AMID_h,BCUTdv_1l,AATSC1v,ATSC1p,Mor21m,AATSC1p,AATSC1c,piPC10,Xc_3dv,ATS2dv,AATS0i,WNSA1,piPC6,AATSC1pe,AATSC0se,BCUTdv_1h,TASA,nHBDon,AATSC0p,AATS1se,ATS0m,ETA_dEpsilon_D,ATS4dv,ETA_dPsi_A,AATS1Z,nN,ATS1dv,ATSC1c,DPSA3,ETA_beta,AATSC0pe,PEOE_VSA1,PPSA3,AATS0are,AATS0Z,Xpc_5d,ATS3Z,ATS5dv,AATS0p,BCUTp_1l,AATS0d,Xpc_5dv,Xp_5d,AATSC0d,ATS6dv,ATS5Z,Mor18v,ETA_epsilon_4,EState_VSA1,fragCpx,Mor14m,BCUTc_1h,ATS1m,GGI2,TPSA,ETA_beta_s,SlogP_VSA1,SssssC,AATS0se,GGI1,SMR_VSA1,nHBAcc
SM1_Dzi,1.0,-0.940724372076118,-0.8319819770440829,-0.7468641486659026,0.9470608529464073,0.8869953570279471,-0.6220607332868521,0.5695668759727807,-0.829880518384002,-0.9326031236261898,0.7816850296817238,0.7157622128749856,0.833788800066761,-0.8126300136547162,0.47010987746293487,-0.2716205635858802,0.4554080104584043,0.6548116607577251,0.6138910558871238,0.6591611366537461,-0.6967257687356964,-0.1241749245151774,-0.45423966932682297,-0.6445881856980558,0.745914232059658,0.6204094812791708,0.2630378460716551,0.6753437758251696,0.7570632388273567,0.6367171619780037,0.09620728356618574,-0.6539713691695802,0.7321376685489692,0.6705569404358257,0.5513946658621901,-0.07960451919613744,0.6984632685467341,-0.24729346633059526,0.5120038675524865,0.2608833339297196,0.11730967113281314,-0.055414463046998805,0.05454793378822865,0.027379445976552806,-0.35489670954865066,0.22521266869977044,0.07621155121920692,0.7617743327475508,0.5611602631755238,0.554721415640091,0.20769519769798098,-0.18435884457669954,0.6512447895470632,0.5041363245984988,-0.08029122545653937,0.2727723363780258,-0.07603739293037172,0.5413872243923854,0.25333995829870715,0.099468176335099,0.6629933520257766,0.024663522028799803,-0.010255195597047042,0.49009886268680136,0.6446356980389071,-0.5179899621074334,0.6166676819149661,0.3940163913145015,0.6517422524068553,0.30673253907347686,0.26143014281086213,0.673363117394848,-0.00749422442285564,0.49591811625348453,0.49125746144545945,0.5403727949860688,-0.09269444514496988,-0.3768623811269926,0.6459981455381589,0.1400218011219098,0.26016516147222923,0.6740837304844938,0.5260281131174803,0.38064742460549034,-0.0846358054304901,0.6025101414749289,0.6917030710192412,0.20535183186552103,-0.41248202558943997,0.6503365977278056,0.3410755624371544,0.5152032592088499,0.4786899693677748,0.49891624486196223,0.35915757881507865,-0.6159001071188702,0.6277131850104143,0.6206287818928266,0.7033916290344686,0.49047237107505415
SM1_Dzv,-0.940724372076118,1.0,0.8462627556644022,0.7752864592419005,-0.9310369222250094,-0.8504450588499409,0.6526235861918789,-0.7043200333213021,0.8047848939015839,0.9579376889480941,-0.846108812492458,-0.631095022926425,-0.862035376434752,0.7608259034316343,-0.42955706424067136,0.26489550130335754,-0.5692798013734185,-0.5670851127818665,-0.561390725998141,-0.7870794878349651,0.7784104816470251,0.2516816585273727,0.45249593249679265,0.7323061320646025,-0.8353533830120091,-0.44815050100834847,-0.3749279400580915,-0.5210058380308222,-0.6209608363104432,-0.5782985157889304,-0.015547597532190234,0.5887794064782205,-0.8209916971952828,-0.6185705825039708,-0.6163227841912889,0.1555543369733418,-0.7009069744201537,0.23980350682967425,-0.4200148296598882,-0.29011681233520714,-0.13155136466945314,0.052863902534904604,0.029053405619403984,-0.04630324294900768,0.40527060289050804,-0.22878457884692305,0.019125938171301506,-0.7608977202041277,-0.47541275073311046,-0.5221596698197568,-0.2439218805506091,0.14413673065738553,-0.6234877352329016,-0.587291415089371,0.10722836585008388,-0.35910487766045207,0.12080857133598034,-0.4664289814236176,-0.12712687849385534,-0.14215673740771737,-0.6797363784715358,-0.03257822580051055,0.08702075091567449,-0.421608298637186,-0.6733886373550836,0.6343249167546363,-0.7357878413021268,-0.4157141232421054,-0.6192103506565488,-0.44750331647835023,-0.42396332687179,-0.5779621528727193,0.10735895144814064,-0.4798281994114163,-0.4746018045355923,-0.5880979966150737,0.2051061230040725,0.45877845770327635,-0.5566025902898966,-0.1299360368452399,-0.2864849512444471,-0.5638240725019162,-0.568748834737261,-0.4192127102632474,0.0838375076112425,-0.4798563069556825,-0.7487358924498275,-0.19967152378965408,0.39432265157438706,-0.6876441209959034,-0.29206486041114504,-0.5147874376902387,-0.6406794582778695,-0.5337491026730432,-0.3369644851512314,0.4989854326216179,-0.5104247421869825,-0.6034321611972189,-0.8154743431607588,-0.6134628859964093
FNSA2,-0.8319819770440829,0.8462627556644022,1.0,0.9257870640171322,-0.8818794481360258,-0.8443461699623768,0.7783053119375765,-0.6912169749847846,0.9726659691403472,0.8169830014719691,-0.9127947934162387,-0.4483694928287745,-0.8635062057308945,0.8957232391978879,-0.19569233087910928,0.39356632574336264,-0.6304564436573943,-0.8247893620380978,-0.4207514102205297,-0.8204274661459604,0.8978044176530035,0.17127670614927848,0.5421778949787751,0.8491550491378289,-0.7877120297148105,-0.5914892879063292,-0.4776744369439766,-0.6537782302244227,-0.5417711384234347,-0.6029487031649774,0.046686419377657704,0.659862207696934,-0.748746562484816,-0.5598893775998572,-0.391250401423494,0.10482813971968621,-0.7779308638532453,0.39330098765299704,-0.3666268736249252,-0.24638732959157916,-0.1989734653444256,-0.09402100103374939,0.1248961267210056,-0.04149136202803392,0.43450252786990745,-0.35754461641759316,-0.07627456001717513,-0.810905382089625,-0.23601988141095276,-0.7407809494166888,-0.41017785544299334,0.1789620336804624,-0.5849776331065916,-0.41444886306728435,0.08201429600594744,-0.4853985307954349,0.02236193532213269,-0.3602483095637922,-0.2849122517834124,-0.1865166782041623,-0.7424816969063577,-0.022155361428815426,0.03521633834516686,-0.3463207134852832,-0.7380924969762316,0.689237231538247,-0.8526742566880217,-0.583427207024642,-0.5521749683436293,-0.4570426046268989,-0.5003429488170668,-0.47346375435932314,0.03754927517465499,-0.5590044319993488,-0.5983778944385024,-0.6566040992504164,0.05247091860601402,0.3002645087207119,-0.7002761033132544,-0.19887218407588358,-0.4279097265472087,-0.6162490168827072,-0.6038214197007814,-0.492286509062856,0.2779687371282199,-0.39387047111935564,-0.7923437569606734,-0.3135594706974617,0.5057645956701934,-0.6650808322624188,-0.4362085183335329,-0.593441196182982,-0.6819695552759825,-0.6024105710434791,-0.3312285689343958,0.4434775776496247,-0.4368416188765506,-0.6299592966375395,-0.7631025045068056,-0.5695961299646322
PNSA2,-0.7468641486659026,0.7752864592419005,0.9257870640171322,1.0,-0.8022083314940899,-0.8045102747335242,0.9533293938968983,-0.7066369795763461,0.932716945076072,0.7057792814758274,-0.8496693475264473,-0.336663667325162,-0.8963766903915932,0.7099898579710704,-0.05597081201159756,0.2247401565139496,-0.6500316423030792,-0.7976665423791908,-0.23673655572533434,-0.8200040034962245,0.8099846644770712,0.26509815081759586,0.5751895041072831,0.924042431035409,-0.8105470952324109,-0.5345024694557955,-0.4521900535387556,-0.591182263128156,-0.44993079742121234,-0.6012976086155918,0.28734371217351173,0.3979875755980382,-0.8066555805104891,-0.40912789804785205,-0.21273698611531885,0.10850452941862995,-0.8416149870338783,0.2135743354858425,-0.19112274465861454,-0.1268669527566002,-0.21074261952571585,-0.103363164889053,0.315416837735243,-0.0762161699377024,0.24715852301268448,-0.543367848947398,-0.11737411057561174,-0.8587363695023225,-0.061669087940882925,-0.8849727833991925,-0.5526573437364319,0.01709521714758725,-0.36834298496216195,-0.35983676402530274,-0.19233688841788157,-0.43524273457004264,0.056660958924820114,-0.1807875540761379,-0.3442017316004229,-0.0780343261041848,-0.8420859025622833,-0.003945756372597532,0.04487479936669448,-0.4129835888123746,-0.8452779851092741,0.6789443672827116,-0.8214496785981169,-0.7418324163738185,-0.34056887155212434,-0.5118610031015866,-0.5983795554824618,-0.2583411244453074,0.05469356581695603,-0.6474718181064155,-0.7540467578365171,-0.8261074154781064,0.054316309839613316,0.2557199790949525,-0.6136588028233207,-0.31928743055094577,-0.6289196750485054,-0.4763791429785093,-0.7780249557249796,-0.727654601169423,0.4458632187740132,-0.19236527116542876,-0.7179427302394868,-0.5001853431806393,0.4511155442015116,-0.5668934289624252,-0.5972620519504955,-0.6737633946119889,-0.6246980193168665,-0.792844632056017,-0.3932949755054989,0.30586089329905775,-0.22764689050505468,-0.6862273993795631,-0.6903885969850999,-0.6648692121181392
SM1_Dzse,0.9470608529464073,-0.9310369222250094,-0.8818794481360258,-0.8022083314940899,1.0,0.9386255191473212,-0.671528976279071,0.635220878070923,-0.8835995937241883,-0.9280582944783083,0.8571856245996992,0.6042052611313976,0.8374748702186625,-0.8488193409150684,0.3627459957464307,-0.3125384065779273,0.5637822012867048,0.7007482365766723,0.5879272351786039,0.7572813483891069,-0.7995404097258925,-0.18259868336100454,-0.47151994234136835,-0.7452683331972151,0.847048582888087,0.7125365384115668,0.34255251090011807,0.7793022884572753,0.6242150015897961,0.6283042598874872,0.057889895122101145,-0.6646179719437292,0.8064864597173197,0.6099453757724794,0.523821519639512,-0.05665769558027705,0.677533574192288,-0.2833862613836531,0.5597476666746467,0.1766396610870564,0.12612349264164424,-0.05778850886076772,-0.007709968288472432,0.020437295270824947,-0.4105927647528352,0.2080676549621435,0.10677603711556494,0.7421412456932268,0.44736344912846676,0.6009446175430676,0.19315152666380703,-0.19502030133374723,0.6914862162999114,0.5083623561577486,-0.10797988045041468,0.31107579823235654,-0.03872814497367561,0.5525392758770441,0.3135898453299716,0.10158767116140534,0.660771051233148,0.02530724140620044,0.019081686321116672,0.3328659405931523,0.6270367394367808,-0.6063625657296052,0.7128065203891716,0.3862666126540393,0.667865741759611,0.39097495152375067,0.31448188662878873,0.6471360884284343,0.02076860682926695,0.47133227390457866,0.5067202044208539,0.564384115753883,-0.04175269748669394,-0.3686780543079847,0.6370296576374347,0.12980574322333802,0.25035359285488157,0.6662431089259553,0.5445377600937016,0.4076402002930537,-0.04424770150320154,0.6076964577821102,0.7773057006040003,0.17775636907132492,-0.39321836119713244,0.6955246514215337,0.407178130001303,0.5028492019834293,0.592844274304243,0.5040485093292073,0.2711770114084336,-0.5340972285556163,0.6301368638216944,0.6222472487152894,0.8349198266395003,0.5910297441875049
nHetero,0.8869953570279471,-0.8504450588499409,-0.8443461699623768,-0.8045102747335242,0.9386255191473212,1.0,-0.7017131503294892,0.717563315206435,-0.8665664344961739,-0.7820475795670965,0.832885814950663,0.5204595154002039,0.7826608200128727,-0.7969242077772029,0.29317766446975363,-0.2744110626178567,0.7245408801649269,0.7185396162890524,0.5097977820040149,0.7115450856854183,-0.7564807919301788,-0.14703408307241414,-0.4861569561793554,-0.7349638498937532,0.760445097712992,0.750858231477225,0.34138401767395726,0.8370032732549172,0.5619217521732589,0.6001317584012764,0.057746788252700895,-0.5988950522442318,0.7235054782498131,0.5179581088435238,0.38731961401075066,-3.711342053320339e-05,0.6424208961260138,-0.26293793660768106,0.6367148626092184,0.08983327671207642,0.10380995535472269,-0.05795460286789617,-0.04487736062718329,-0.022989999875077896,-0.4059989984357937,0.2715780730719006,0.19536549380227552,0.7177929074301668,0.2984339829749693,0.6429694477416171,0.24927919329718937,-0.1883896343422882,0.5787362253321379,0.3699434635284513,-0.08681762210520763,0.3663776822149632,0.05013938551655303,0.5062983978926999,0.4094063384842356,0.13674401846401243,0.6468531127195893,0.04481234062801783,0.07799462469232883,0.549136423595143,0.6135300217080567,-0.6126807785716291,0.6980789441944821,0.45778421093646515,0.5484487778520291,0.3761724824074082,0.3641914700790943,0.5445107208677434,0.08402297756581933,0.4685263544637403,0.5229133445858635,0.5853503967836925,0.07781972031398766,-0.23356352169866057,0.6321253524691901,0.17579508722349035,0.3083065013646093,0.6134844412214169,0.5777514249771324,0.45023130646660564,-0.10204486998028403,0.5466910767979201,0.7404866528438833,0.23187230432686878,-0.39513360842383577,0.6288666796239023,0.5235883776114731,0.48066818989079735,0.5830612125426842,0.5358040552493707,0.40844287262631684,-0.3750047518148188,0.5531475179199771,0.6062907843094137,0.6704931451276908,0.7091940045220246
WNSA2,-0.6220607332868521,0.6526235861918789,0.7783053119375765,0.9533293938968983,-0.671528976279071,-0.7017131503294892,1.0,-0.6377175174523878,0.8168085376027833,0.5640662554943915,-0.726481014694754,-0.24326387334691899,-0.82645981670177,0.523515711498293,0.015424083635323051,0.10280706663441809,-0.5903083290255347,-0.6994769867622063,-0.1150887491815534,-0.7331564998899311,0.6641797794044584,0.2834728815799672,0.5276900877528928,0.878585941801126,-0.7398293146144561,-0.4470843166146957,-0.37913067555163704,-0.49551149878903833,-0.34982903188454384,-0.5417002425216234,0.41604410487848187,0.20818444177209305,-0.7615920750013788,-0.27574889461444,-0.09376087458566974,0.09325313346404834,-0.793301523883831,0.08094558094393996,-0.08053191433022537,-0.050455852212715424,-0.18285732525117504,-0.08260583068320224,0.4050053989422791,-0.07741494389147537,0.12261506739719329,-0.6129866457074858,-0.13381333088307176,-0.8036970664412364,0.03221989726914491,-0.9001721532571203,-0.5649602639479272,-0.05920054846993304,-0.20552051583378775,-0.2853433622023246,-0.35600174733454054,-0.35317546705153785,0.06301028724287255,-0.06906109987810811,-0.35220873793014784,-0.016316090804692616,-0.8187446122660205,0.0057991309408645395,0.04342231670774293,-0.42408652415551695,-0.8279750464348273,0.5994205575051081,-0.7137384193086097,-0.7664887103284111,-0.1857777581231548,-0.49477957899396785,-0.603777647309638,-0.11496383333864953,0.05577602955217789,-0.6357081454148079,-0.7771443602837176,-0.8564998913630959,0.04708687888292551,0.19984849003040964,-0.4850555564243516,-0.36750637588995594,-0.6996087185104554,-0.3369082852020198,-0.8218246021606795,-0.8129753533001441,0.5094404113154339,-0.06501502396309561,-0.5888543720029777,-0.6066755084832041,0.3660030730125112,-0.44136814885810416,-0.6458428257852795,-0.6515760862539326,-0.5135811834417531,-0.8389260909518733,-0.3972188694562522,0.1828889692397981,-0.09102261348186433,-0.65270787978475,-0.5704484110642724,-0.6594399167059407
TopoPSA_NO_,0.5695668759727807,-0.7043200333213021,-0.6912169749847846,-0.7066369795763461,0.635220878070923,0.717563315206435,-0.6377175174523878,1.0,-0.6305261929209757,-0.5193908772013652,0.770110884626947,0.27422226752994894,0.6057816312223203,-0.49359479775871345,0.1925495794563218,-0.22825432181533295,0.9028995706610662,0.4009638757776576,0.2627832130225878,0.7897785480357867,-0.7718100604806839,-0.2733196571297789,-0.3569396329311371,-0.7725664103680161,0.6742417839065733,0.27659578855122485,0.61440306378862,0.34251634323763647,0.13536428891720198,0.3331880330042137,-0.08912812075682337,-0.29292428339300514,0.6532388095250934,0.27213388694563717,0.3686596835052932,-0.1073267577178848,0.47449188678473614,-0.2584979608639012,0.33085081340413863,0.18830081006111876,0.1969480002982927,0.08365667498543818,-0.19531579861175313,0.0771765474879296,-0.41058729232382135,0.2672311639969497,0.02564261627524591,0.519863742640461,-0.04680980254918996,0.4690218757012602,0.34317259366658603,-0.04009080804586324,0.2930222563367534,0.3776083241382639,-0.16462846883769208,0.6664954217716408,-0.13510615233439033,0.22694725990043457,0.11130787506862973,0.37296505299431937,0.5077333996924881,0.018141863917716435,-0.06090252969982709,0.576789809595379,0.5450216652498431,-0.7580793213513226,0.8290584409067091,0.48563124264800006,0.2618130227585018,0.6421465860756429,0.7006586109572075,0.13904366324788153,-0.09277932040998584,0.34389929020082577,0.38510261091506215,0.5409227996121772,-0.13266329405125282,-0.3083264077370756,0.3153584732139519,0.14427011961016856,0.34497469222143595,0.21375990192464045,0.5267753795523301,0.4450519898418751,-0.16707827098400913,0.11782718938195762,0.6662814652699341,0.20237340938365958,-0.2795601842212657,0.4826900091251394,0.32173485779853866,0.38759122326377665,0.8289860487692259,0.5005070949058388,0.4731105433386585,0.09882922099982373,0.12638319426228103,0.44346251523050245,0.5522576431560059,0.8322109729087502
WNSA4,-0.829880518384002,0.8047848939015839,0.9726659691403472,0.932716945076072,-0.8835995937241883,-0.8665664344961739,0.8168085376027833,-0.6305261929209757,1.0,0.7825340796523739,-0.8891943557130169,-0.45019405553110753,-0.855056350748163,0.9051005519445379,-0.17348102360386825,0.35501424604215526,-0.5902492686969951,-0.8776852244161752,-0.42403851437841367,-0.7593462384548472,0.847556186664007,0.151221202404243,0.5402037315101733,0.8397694732699235,-0.7550444990315599,-0.6633150794903389,-0.3881743907704611,-0.7301308429989646,-0.5650689697801093,-0.6138301936318548,0.06879794572070165,0.6644669191245068,-0.7156828784263392,-0.5547409038446683,-0.3225678944957489,0.0643373541025877,-0.7604734778881942,0.34989108389136314,-0.4033871905141432,-0.18853033028158936,-0.15059292496982032,-0.036911328168734533,0.13265554800988194,0.009920663015829721,0.4072569811411287,-0.39336526767895413,-0.1266577222373999,-0.8069519860528681,-0.24203101556797976,-0.8049160627082178,-0.39531057372705575,0.20013281584554024,-0.5737497142017042,-0.37604127962313477,0.005946306177703394,-0.3849588621924829,-0.037986040711819435,-0.38251846296752096,-0.35764496149374864,-0.11408694545935277,-0.737433716107694,-0.023500619863369855,-0.00025150370795995106,-0.35484223403380777,-0.7292291898101886,0.6308046494091782,-0.7957814137454873,-0.5987938390041421,-0.5358830288913651,-0.3814922440830644,-0.44650925060584506,-0.5010223985655784,-0.007897640453713918,-0.5416111654908827,-0.6151026114461944,-0.6680030340591993,-0.02066266931562239,0.255677205405227,-0.7184108340762456,-0.19776728466496754,-0.4375794500699133,-0.6347438649465489,-0.6273710496360257,-0.5145792314215536,0.29539161516760937,-0.44272553796906366,-0.7522068037843551,-0.3456201146051701,0.4955137022514101,-0.6502145819739593,-0.4992711453114656,-0.5688806606339406,-0.6009919074759998,-0.6152721136230153,-0.31763463957631866,0.4380577055210598,-0.4809415611566339,-0.6272372418122969,-0.7188571223434264,-0.5505312805750082
SM1_Dzp,-0.9326031236261898,0.9579376889480941,0.8169830014719691,0.7057792814758274,-0.9280582944783083,-0.7820475795670965,0.5640662554943915,-0.5193908772013652,0.7825340796523739,1.0,-0.7841497964673547,-0.6524639212974586,-0.823436284272349,0.7926182829965932,-0.4383962172175037,0.3084743179975524,-0.38907261618228056,-0.5666251543262455,-0.6008081020525619,-0.712031671623999,0.731781656232835,0.17559403478624036,0.4187861141299096,0.6517935219067722,-0.8040436836737681,-0.5226888454130614,-0.29600882795819744,-0.5652701073224032,-0.6933526239180587,-0.5907738213472318,-0.07032742424098906,0.6574917020158402,-0.7819441249089255,-0.6522733081787087,-0.6444419338263934,0.1189240827911636,-0.669256139541217,0.2780359561771072,-0.4190179558828579,-0.29829056296500106,-0.07795405597218559,0.08904199351292369,-0.04836463306226082,-0.0035376166693597407,0.3973003212260407,-0.1457619434601916,0.018640817936932324,-0.7209647263044312,-0.5979688052271787,-0.4638088155879249,-0.1353710518450632,0.2098806099371603,-0.7043254082499821,-0.5771212955617622,0.12466870372421236,-0.25064844884205034,0.0690888000568051,-0.5078135640734589,-0.13666913767440816,-0.07933354976816699,-0.6336229965303242,-0.04858351319589525,0.05839232663865109,-0.22005030469851947,-0.594404752673025,0.5364193685241296,-0.6467505933758876,-0.29373360808907006,-0.7021369066856382,-0.34830575881738546,-0.2719227087255836,-0.680520748474791,0.0672154836410595,-0.4416318019716579,-0.4193369071504599,-0.5062145631562432,0.17019920920160164,0.44004866954938626,-0.557697588261769,-0.08243466175921263,-0.183776198393593,-0.6257596899623792,-0.4846066672136612,-0.3217653573937447,0.0007240478376305555,-0.5696941785803269,-0.7220866119490498,-0.1273399349588589,0.3672922316033248,-0.6779644245882922,-0.23415858849826363,-0.4766735347610331,-0.5354802343935433,-0.4311670718409578,-0.1929538081901812,0.6582283409062194,-0.6085561716226241,-0.5713373796789343,-0.8597002992223811,-0.43895714902518934
DPSA4,0.7816850296817238,-0.846108812492458,-0.9127947934162387,-0.8496693475264473,0.8571856245996992,0.832885814950663,-0.726481014694754,0.770110884626947,-0.8891943557130169,-0.7841497964673547,1.0,0.44944119941394933,0.8075718254078761,-0.8293298694472809,0.2032556222878041,-0.4817693844069376,0.678170215849694,0.6654076167322961,0.41943764932065586,0.918866543635184,-0.8927953416229263,-0.3145782042548979,-0.49608320551346,-0.8393374073152878,0.8332208088434265,0.5202463803207383,0.4381749724146358,0.589159568060558,0.4036912443073714,0.49083854748607053,-0.03390462024106079,-0.6384807049339496,0.7959834239355569,0.4936374711604071,0.44905844249231996,-0.12374870222405791,0.6574411783834149,-0.4408519092855454,0.4171668290832204,0.22684315422588175,0.1291042656242076,-0.05849862637253391,-0.08835142856025796,-0.035742423568572504,-0.5976737319872851,0.3252466439383499,0.054114198394583264,0.720921018670438,0.20665454083428964,0.6277698759834289,0.3626411920136105,-0.26831985934296104,0.6360812913313076,0.49620674424045635,-0.09848447606795076,0.5167169981474278,0.0034998473886444035,0.3686060422502554,0.22493322230462443,0.25490498218536345,0.6283669413274995,0.008921350415167192,-0.06196570207939133,0.34768971878061017,0.6776754618291425,-0.827194917525628,0.9145848489913037,0.5357519961493901,0.5972887250091116,0.6075818988074799,0.6853358259888372,0.4508178400313097,-0.06773771479302546,0.4250887867856309,0.502119556553214,0.5677466094566168,-0.07344900904947117,-0.3825557092639686,0.6064750179631433,0.10679434861045015,0.36720198902729767,0.5295218322725954,0.509238633439702,0.4462867439067777,-0.2335618548055041,0.38433661430372434,0.7242260925649114,0.2609399605523654,-0.4577272998553889,0.7431115283588491,0.397509226412233,0.4697145136402401,0.765157354432223,0.5841884490270453,0.39835652679047073,-0.27500951951828356,0.4204960825822523,0.5399432336761895,0.8012878944544145,0.6772919761359607
BCUTi_1h,0.7157622128749856,-0.631095022926425,-0.4483694928287745,-0.336663667325162,0.6042052611313976,0.5204595154002039,-0.24326387334691899,0.27422226752994894,-0.45019405553110753,-0.6524639212974586,0.44944119941394933,1.0,0.49672555652079253,-0.539975822942259,0.5676847968343357,-0.21612587424184576,0.12682505206945807,0.37064175512094416,0.6172046581469186,0.31471241904086616,-0.3722908708823345,-0.09465791355601454,-0.09445953535938137,-0.27460676787763333,0.4443523109817999,0.35110103043460644,0.049673802590452044,0.3726849529355344,0.5916037334160483,0.42504469986942983,0.19505566023957238,-0.540209715480912,0.4525336243822566,0.5786821424749136,0.5202603366539219,-0.1618970649475463,0.3223247220789906,-0.2086158030834878,0.42288975820846225,0.27125294726814536,0.13243630426442787,-0.036316392073906724,0.18182183452821324,0.05099215682067847,-0.3275007939504478,0.065739718280181,0.016359665378755512,0.4227371589182649,0.6682001399746061,0.23341915505298205,0.04078496113274553,-0.2935575516500961,0.6218939075000917,0.6476165903981068,-0.15432472156760607,0.09692346013044031,-0.1314614940557662,0.533052139545857,0.022037867030467177,0.11032438957776278,0.27323334396624765,-0.0790984372961628,-0.07475562262979651,0.34532923376515695,0.33089048561165135,-0.2583245450219129,0.3022001005944592,0.1623144275816229,0.6664148661524355,0.11339940842092865,0.06276265314710902,0.6698324486721817,-0.09218095622736155,0.22828650206835743,0.19387960736435497,0.1711623433063926,-0.18729496422344602,-0.6005234949205536,0.46351833564640776,0.041742910148921175,0.05471104940953987,0.5401926862518587,0.1795404777365508,0.09396752461525697,0.01881444862032203,0.5893471694787659,0.3471010503061456,0.03838697838200962,-0.20049844129996022,0.5332404296137345,0.05945927477829075,0.24811489674129739,0.24784557699251764,0.21393644112554305,0.2421322531482184,-0.40934683978866415,0.6098985950329503,0.37219442084020266,0.4091247826886015,0.16017321246748017
ATS0dv,0.833788800066761,-0.862035376434752,-0.8635062057308945,-0.8963766903915932,0.8374748702186625,0.7826608200128727,-0.82645981670177,0.6057816312223203,-0.855056350748163,-0.823436284272349,0.8075718254078761,0.49672555652079253,1.0,-0.692030414571073,0.1420221522661598,-0.09811041425699853,0.493057981665694,0.7521082309138337,0.359533335061993,0.7510069750559734,-0.7082747352512753,-0.3984226753840328,-0.6027462650591883,-0.795424591535828,0.8115522128968211,0.4903611861618928,0.3014681644765783,0.5308470446759967,0.5757996560431468,0.6893193936661975,-0.2621407653470375,-0.4265711446939073,0.8235261249895901,0.5837636515760846,0.33305940478778556,-0.15362188779806,0.9112367221630231,-0.0542587985304494,0.18215450519938528,0.20760448919064925,0.20502441216400644,0.033916619919812485,-0.24486087888656258,0.07444339337841356,-0.21294238707509242,0.5691298663874086,0.09976025920799983,0.9617905037242639,0.2162350970563241,0.8055716656608352,0.6073542522937313,0.0077939684458531175,0.42802741155679996,0.550498091509988,0.23434681779949956,0.20572306034312016,-0.10084806602188007,0.26252520618534886,0.2775971937348154,-0.08220683580424608,0.8876704732779901,0.0010692386949077844,-0.0718381770396142,0.4035101199411108,0.9330088153180699,-0.5672246921221281,0.7036570303653943,0.7700430581713344,0.41599306370769557,0.3866606031460663,0.48199560541148856,0.4010021795816683,-0.09259754398509143,0.7321600537031239,0.7707625408087806,0.8106093000197025,-0.12219797786390857,-0.38311595633792,0.7399953476152515,0.37442276877722785,0.6685774223278967,0.6102271243169766,0.7506104918316684,0.7103828613884643,-0.46685384079820164,0.29290049175120064,0.6364580220839124,0.5292107860869695,-0.47267802975198486,0.7033447172472161,0.5660069452216155,0.7399886605501576,0.5086088825939021,0.8299779293784403,0.3692865807880239,-0.42157838543604215,0.3361315734147701,0.7474154523501318,0.7118199921696029,0.6088287888034923
PNSA4,-0.8126300136547162,0.7608259034316343,0.8957232391978879,0.7099898579710704,-0.8488193409150684,-0.7969242077772029,0.523515711498293,-0.49359479775871345,0.9051005519445379,0.7926182829965932,-0.8293298694472809,-0.539975822942259,-0.692030414571073,1.0,-0.34466915213742016,0.5026171380385751,-0.4584423884964276,-0.7959337844486001,-0.6179699062458144,-0.6224276037751583,0.7974013120555784,-0.009339922316723443,0.4163857521272532,0.6205495674144406,-0.6015957231494283,-0.6576464563551321,-0.31738436764209166,-0.7228661664059156,-0.6050904221237879,-0.5430590955808888,-0.21050452990738197,0.9110172953373683,-0.5325457235953207,-0.6588099034207895,-0.49284133508388117,0.01545124553566657,-0.5668451493179013,0.5050287891668502,-0.6006900494362026,-0.30602069314675207,-0.06121854664750139,0.03578608873145368,-0.1109583501433774,0.1115017585608979,0.6049690029687352,-0.14937084384958685,-0.0890068693965036,-0.6370169383282175,-0.45646443512503926,-0.5440840605578794,-0.14554419799607682,0.4368454798044803,-0.7641220767198666,-0.37493526127238974,0.29315146525786695,-0.342059576993029,-0.12697905863610975,-0.5868974414503584,-0.2667200852934977,-0.2215643346806988,-0.5133488859922183,-0.044997885655648905,-0.030990708521260412,-0.23551160577040267,-0.49329425125682846,0.528840113905445,-0.6898889468990684,-0.3269388429285227,-0.7271302500511291,-0.22751709798059758,-0.25445985636258167,-0.7320578870941837,-0.054577128295362626,-0.3574615044644022,-0.34747411252034677,-0.3884394194715025,-0.059259896952062074,0.2526637656020136,-0.7063798329128258,-0.04375957331162576,-0.15616808890547515,-0.7191648811207381,-0.358372356761692,-0.19318101315307093,0.05873366042932661,-0.674824329057996,-0.7101521997814615,-0.1229120686820803,0.4598262020351157,-0.6677313573575198,-0.26882128904910907,-0.3797885723669818,-0.5424634747093965,-0.31296898630832726,-0.19687051250984594,0.5237261649261209,-0.7133100990950643,-0.4752215143487195,-0.6828203907566458,-0.3469370891681854
AATS1i,0.47010987746293487,-0.42955706424067136,-0.19569233087910928,-0.05597081201159756,0.3627459957464307,0.29317766446975363,0.015424083635323051,0.1925495794563218,-0.17348102360386825,-0.4383962172175037,0.2032556222878041,0.5676847968343357,0.1420221522661598,-0.34466915213742016,1.0,-0.214412001964373,0.10989336351825213,0.04226347213110642,0.8213464865634694,0.1034476969715504,-0.17673195430690164,0.26363870369296594,0.03607709148065587,-0.016685576701743397,0.10002306028701154,0.13530830900567598,0.09248477224350399,0.14882436986451242,0.37184131172537394,0.07299808351678948,0.3565489801232247,-0.49272345893794206,0.08029927109174348,0.5910143107830139,0.7509816399201443,-0.08315881969797541,0.020716201172432207,-0.23715684825581512,0.5388371244307443,0.5605639701957433,0.06730693836626503,0.06472250129289918,0.2813881568634916,0.11307500196621455,-0.30867157265742384,-0.15991076522148137,-0.182742283416834,0.070173699864905,0.8033626139942682,-0.11480346366413212,-0.2862919422678679,-0.35817507746055977,0.4117454251103021,0.25179447395852006,-0.3919556053498638,0.1645820147346661,-0.20683350702206377,0.7339927229112205,-0.17392544604306226,0.4533530065420536,0.0019329748215046873,-0.02091320293424147,-0.11268450570576251,0.2572314278261694,-0.014402659549027816,-0.09547873304289982,0.10084153777420295,-0.20386044133410322,0.45706337537759734,0.025359097652548998,-0.09024642996396087,0.6756914056847687,-0.09464895081903196,-0.062332098280558905,-0.15057623678129248,-0.053232101368158695,-0.2964644089023682,-0.3097636646408896,0.022829684920822997,-0.1419485936531663,-0.22590413789260652,0.16339008690065976,-0.021552300176411472,-0.1618001780138513,0.2656227804118732,0.6168961599178348,0.2217646107825058,-0.14432259231551484,-0.12160389073630457,0.07597271853381903,-0.2836700013096229,-0.07004273968997272,0.14407348960873817,-0.1679495840035262,0.12282655315775624,-0.27141318822231947,0.6206068570678018,0.00543440798148569,0.21142492709386906,0.04380778792786547
ATSC1se,-0.2716205635858802,0.26489550130335754,0.39356632574336264,0.2247401565139496,-0.3125384065779273,-0.2744110626178567,0.10280706663441809,-0.22825432181533295,0.35501424604215526,0.3084743179975524,-0.4817693844069376,-0.21612587424184576,-0.09811041425699853,0.5026171380385751,-0.214412001964373,1.0,-0.19986179302136972,-0.18972581036569836,-0.3281942257879168,-0.4262056730997579,0.4278619703927745,-0.16009744307932178,0.15667428057774646,0.23490961409015793,-0.23191943649693653,-0.25486168801084563,-0.22230972396389215,-0.288309782569057,-0.08072652910499277,-0.14549712456971117,-0.28910294668039777,0.5505383385957787,-0.18466323156946482,-0.20155431138646115,-0.31454893446762444,-0.03665259418886563,-0.05402055762840314,0.9593536666681977,-0.3999838894297205,-0.2205133512319232,0.03222313623635472,0.1794194572800539,-0.23357274520666169,0.19089052073791019,0.6771498348491044,0.09599755677320482,-0.05153552078304149,-0.07596184771195529,-0.3063256766916275,-0.017706922585828885,0.15302257531252325,0.6322715884837745,-0.4961407392356064,-0.0801345995711039,0.3688919352308693,-0.5461083115238775,-0.1698538474888203,-0.3500226534219293,-0.056888967887864725,-0.4130094023702867,0.02518950091655569,-0.05178503098855473,-0.04863914075430582,0.06303254684443585,0.02683506107261866,0.5584024671802585,-0.4321758189749698,0.10411257514960476,-0.4730492461802319,-0.40688887133240886,-0.31117706075176993,-0.41011574788263977,-0.05586215560343594,0.020771961657914163,0.05548439677708809,0.12747134273820393,-0.07631110615445892,0.09081690399068466,-0.21089183823072433,0.09840176016874994,0.14968479920254169,-0.32804764287424065,0.20513742187328732,0.16025178223584985,-0.16004244327858244,-0.4066658507888217,-0.34143670133409765,0.06628759710613856,0.07919299966282385,-0.2698977088465404,0.022250214808407432,-0.002679355267769078,-0.36964280455212317,0.06395574386588845,-0.09953815171496576,0.1889560234535281,-0.4143927019726784,-0.08886523862255587,-0.40511917550703436,-0.05700712590864843
TopoPSA,0.4554080104584043,-0.5692798013734185,-0.6304564436573943,-0.6500316423030792,0.5637822012867048,0.7245408801649269,-0.5903083290255347,0.9028995706610662,-0.5902492686969951,-0.38907261618228056,0.678170215849694,0.12682505206945807,0.493057981665694,-0.4584423884964276,0.10989336351825213,-0.19986179302136972,1.0,0.43597814635991644,0.2020335521799319,0.6742423927881609,-0.701557301359514,-0.1558707635468812,-0.35520521633362917,-0.7038334257313517,0.5498434398086056,0.3700865460003365,0.556173396150298,0.4531858055452072,0.10791282404409687,0.27497848376505124,-0.05042324711447215,-0.2665455870927619,0.5195069812575466,0.185459553051057,0.2276114182016196,-0.09467086434176289,0.39722329656566135,-0.24951444376033868,0.39943608895375976,0.0692447855467714,0.21117699050666675,0.16916730916951556,-0.22097235883687727,0.09931926798478885,-0.35233490016059427,0.23929605203771992,0.049175786109252245,0.4329199861301231,-0.12082071460218333,0.46879551046617274,0.2757708558950005,-0.03408197932062681,0.21008664094359117,0.17210479560702766,-0.1529845058411436,0.6495871571042426,-0.03591716070320438,0.20258549353759064,0.16236551377671357,0.3646108875828002,0.4446883079497811,-0.003464027036116291,-0.03674605643549313,0.5677572180282533,0.43653292700179036,-0.6656641780926504,0.7395405917178384,0.4233795938161901,0.17509172627983974,0.533376269251535,0.5972957625021519,0.09110637763497377,-0.06593901326022672,0.2833057934345633,0.3522754788323262,0.4885463468503049,-0.0490752943323699,-0.15478751540060603,0.28579071424844293,0.13350891124589104,0.2893267313075161,0.16884899309791765,0.48666562554867954,0.3875574609924083,-0.1248822752532204,0.11117229025759148,0.6200644760184536,0.1729335114087116,-0.2681320776407486,0.36699199443083036,0.3630385819759864,0.31267916838095067,0.71883768912957,0.4220912953920874,0.4396669769019461,0.1171991238699934,0.0994840894248456,0.36465737491237676,0.43520445059752266,0.8513034092831461
PNSA1,0.6548116607577251,-0.5670851127818665,-0.8247893620380978,-0.7976665423791908,0.7007482365766723,0.7185396162890524,-0.6994769867622063,0.4009638757776576,-0.8776852244161752,-0.5666251543262455,0.6654076167322961,0.37064175512094416,0.7521082309138337,-0.7959337844486001,0.04226347213110642,-0.18972581036569836,0.43597814635991644,1.0,0.3216389509262861,0.4833212495479379,-0.658186892104477,-0.09160272037100191,-0.5412410268345124,-0.6716804843099478,0.5520758985786339,0.6495526977551104,0.2583307720400695,0.708294891576961,0.5269861980920854,0.5961599594344926,-0.14479828115583754,-0.5811325627433983,0.5240416218843121,0.5091292813348276,0.11813796932251185,-0.06260238587445649,0.6950580604417868,-0.20334436213502124,0.31780615970324727,0.10298470448424059,0.17318156743960741,0.12107503415407309,-0.21279440260491927,0.004187630358692736,-0.22383737289367367,0.46167130277845325,0.20580874322851944,0.7487111258764201,0.1494599957673042,0.8712521159513206,0.46769696611783096,-0.13940929921444536,0.44067481544924264,0.26881327820467593,0.13340751593552586,0.1943306596377679,0.09882754009508862,0.29266491239447795,0.40729943503484334,-0.03290489651730576,0.6705765018818597,0.01290449972828166,-0.01862807651404313,0.29050680875557244,0.6850384937430882,-0.37981154579411686,0.5796381142141498,0.6481128429645809,0.4104674061183983,0.13098767450738466,0.2387472055106789,0.43109395747898477,0.016539309647803438,0.5409190779711189,0.6318205816884721,0.6022628143564217,0.09003740131364235,-0.14621716199996512,0.7740049691316155,0.2575620578399313,0.4989180965593838,0.6505347654035085,0.5577133627076297,0.5075585839857585,-0.418564842452846,0.3910735031665454,0.5738401801354877,0.4075185750722648,-0.46955106556597304,0.5660219964105744,0.5301475555546884,0.5546860177611904,0.34714432970307263,0.5908602750518276,0.22365597567648346,-0.37037422796819935,0.4227347288412639,0.5863067562891109,0.48273512236417276,0.37257935443303747
AATS1are,0.6138910558871238,-0.561390725998141,-0.4207514102205297,-0.23673655572533434,0.5879272351786039,0.5097977820040149,-0.1150887491815534,0.2627832130225878,-0.42403851437841367,-0.6008081020525619,0.41943764932065586,0.6172046581469186,0.359533335061993,-0.6179699062458144,0.8213464865634694,-0.3281942257879168,0.2020335521799319,0.3216389509262861,1.0,0.25014742367087944,-0.3694247495408319,0.1356899793440539,-0.16708699700592725,-0.1716139725538339,0.24048954577286333,0.4006830374938513,0.1367510408588636,0.43633351201066756,0.466889676120626,0.2541760609150487,0.3827653236597729,-0.7220042702060797,0.1848462154774267,0.8248275508531194,0.753326234621434,-0.0018254957541770276,0.19035156151798316,-0.3298211377495013,0.7300007021468154,0.565223180844674,0.10262297451083874,0.00811598253661713,0.2944341431679996,0.01873267427681755,-0.4724108439166386,-0.06296488683191434,-0.07145958034421696,0.282743264457174,0.7451894447141406,0.07826870963251722,-0.1561119930312464,-0.44136908008203746,0.5879441708859788,0.3866046536310778,-0.4226693893776723,0.12655953702523376,-0.08837419623219125,0.9597490830931958,0.02386780442558059,0.24622887720801145,0.15330118630769832,-0.000712699245959375,0.04870904597531209,0.17816407320253885,0.15867359460575226,-0.2072760800339865,0.2635972976023217,-0.023817700000937324,0.5909318165022095,0.03254363955894231,-0.03990048781580647,0.9186782483485114,0.04158140672919143,0.06769963271487474,-0.028841302203784235,0.06070985706781051,-0.09462968151809512,-0.3302117013218062,0.3697240590895464,-0.09037398589997324,-0.11334128220697103,0.4524065517586101,0.06651328532046233,-0.09968551161966606,0.17316730624337107,0.8796707796001537,0.3894659975944284,-0.0568767120744839,-0.27589857581847443,0.3816753118184655,-0.053027000624293934,0.05208263674893746,0.23859181338526692,-0.040355961799515915,0.06956723536994258,-0.36097415861792875,0.8969205256979629,0.1538040408085224,0.41924241005250873,0.15224904254027036
